2.626227140426635742e-01
1.409489750862121582e+00
1.818870067596435547e+00
4.987759113311767578e+00
6.240920066833496094e+00
6.450075149536132812e+00
8.745819091796875000e+00
1.072541809082031250e+01
1.066785812377929688e+01
1.062241554260253906e+01
8.184398651123046875e+00
7.629739761352539062e+00
6.482966542243957520e-01
5.144832134246826172e-01
1.199560999870300293e+00
1.849606513977050781e+00
4.954361438751220703e+00
6.164338588714599609e+00
5.833076953887939453e+00
8.454044342041015625e+00
9.592439651489257812e+00
9.265699386596679688e+00
1.009484672546386719e+01
7.245940208435058594e+00
7.719690322875976562e+00
6.482966542243957520e-01
3.660985231399536133e-01
1.947004914283752441e+00
3.273308753967285156e+00
5.288574695587158203e+00
6.814857482910156250e+00
5.678073883056640625e+00
8.148050308227539062e+00
9.380270004272460938e+00
1.029780387878417969e+01
1.049485588073730469e+01
8.093955993652343750e+00
8.253534317016601562e+00
6.482966542243957520e-01
5.967706441879272461e-01
1.742266416549682617e+00
2.541411399841308594e+00
6.033205509185791016e+00
7.781961917877197266e+00
6.410159587860107422e+00
7.018358230590820312e+00
7.093636512756347656e+00
8.922454833984375000e+00
1.075198745727539062e+01
7.711326122283935547e+00
8.020493507385253906e+00
6.482966542243957520e-01
6.389171481132507324e-01
1.111851215362548828e+00
2.197562694549560547e+00
5.168448925018310547e+00
6.098508358001708984e+00
5.274353504180908203e+00
7.771435260772705078e+00
8.937757492065429688e+00
9.002861022949218750e+00
1.038262748718261719e+01
7.768709182739257812e+00
7.951234817504882812e+00
6.482966542243957520e-01
5.019747018814086914e-01
1.558799386024475098e+00
1.830293059349060059e+00
4.946784019470214844e+00
6.545366764068603516e+00
6.898093223571777344e+00
9.580024719238281250e+00
1.058588027954101562e+01
1.044321250915527344e+01
1.053151512145996094e+01
7.995901107788085938e+00
8.434186935424804688e+00
6.482966542243957520e-01
4.818960130214691162e-01
1.008368492126464844e+00
2.233618736267089844e+00
4.606655120849609375e+00
5.639669418334960938e+00
6.016161441802978516e+00
9.509208679199218750e+00
1.021791458129882812e+01
1.087623786926269531e+01
1.099227905273437500e+01
7.719328880310058594e+00
8.053123474121093750e+00
6.482966542243957520e-01
6.574819684028625488e-01
6.836125850677490234e-01
2.115923166275024414e+00
4.913704395294189453e+00
5.886888027191162109e+00
7.247453212738037109e+00
8.451902389526367188e+00
1.008731460571289062e+01
9.428503036499023438e+00
1.007364082336425781e+01
7.328589439392089844e+00
7.321950435638427734e+00
6.482966542243957520e-01
4.382001161575317383e-01
8.581660389900207520e-01
2.133644580841064453e+00
5.569553852081298828e+00
6.701405048370361328e+00
8.122323036193847656e+00
9.994609832763671875e+00
1.208789062500000000e+01
1.156456375122070312e+01
1.129858970642089844e+01
8.404014587402343750e+00
8.225692749023437500e+00
6.482966542243957520e-01
1.549696773290634155e-01
1.643809795379638672e+00
2.846968173980712891e+00
5.723101615905761719e+00
7.407506942749023438e+00
7.852044105529785156e+00
9.117174148559570312e+00
9.768867492675781250e+00
1.062257385253906250e+01
1.102574920654296875e+01
7.922175407409667969e+00
7.736886501312255859e+00
6.482966542243957520e-01
5.536494255065917969e-01
3.470746278762817383e-01
1.799566864967346191e+00
4.916716098785400391e+00
6.509574890136718750e+00
5.255972385406494141e+00
6.087037563323974609e+00
7.287737369537353516e+00
1.003492736816406250e+01
9.995052337646484375e+00
7.325819969177246094e+00
7.289246559143066406e+00
6.482966542243957520e-01
4.687737226486206055e-01
1.862494111061096191e+00
2.360470056533813477e+00
5.573538780212402344e+00
6.328210830688476562e+00
6.486353397369384766e+00
9.072788238525390625e+00
9.707242965698242188e+00
1.034421920776367188e+01
1.072264671325683594e+01
7.783408641815185547e+00
7.418280601501464844e+00
6.482966542243957520e-01
9.878944754600524902e-01
2.270592927932739258e+00
3.553708314895629883e+00
5.614918708801269531e+00
6.105009555816650391e+00
5.388060092926025391e+00
6.625636100769042969e+00
8.807338714599609375e+00
9.792379379272460938e+00
9.863271713256835938e+00
7.583209037780761719e+00
7.875449657440185547e+00
6.482966542243957520e-01
8.554970622062683105e-01
2.534246683120727539e+00
2.945684909820556641e+00
5.506793975830078125e+00
7.203444480895996094e+00
6.046365261077880859e+00
7.146036624908447266e+00
1.006436538696289062e+01
1.038313293457031250e+01
1.121523284912109375e+01
8.285366058349609375e+00
8.435760498046875000e+00
6.482966542243957520e-01
7.173915505409240723e-01
1.206932902336120605e+00
3.015151500701904297e+00
4.740839481353759766e+00
6.774997711181640625e+00
5.699090957641601562e+00
6.183754444122314453e+00
8.912418365478515625e+00
1.027630424499511719e+01
1.057483482360839844e+01
7.312276840209960938e+00
7.978222370147705078e+00
6.482966542243957520e-01
1.757780909538269043e-01
1.271661669015884399e-01
1.951049208641052246e+00
4.591995239257812500e+00
6.744000434875488281e+00
4.294510841369628906e+00
4.321201801300048828e+00
7.143789768218994141e+00
9.199590682983398438e+00
9.155570983886718750e+00
7.252943992614746094e+00
7.789471149444580078e+00
6.482966542243957520e-01
3.343409001827239990e-01
5.668177604675292969e-01
1.994143486022949219e+00
4.287543773651123047e+00
6.837864875793457031e+00
4.500192642211914062e+00
4.225883483886718750e+00
6.043053627014160156e+00
8.928760528564453125e+00
9.761175155639648438e+00
7.223264694213867188e+00
7.616147518157958984e+00
6.482966542243957520e-01
4.238942861557006836e-01
1.067027807235717773e+00
2.690382003784179688e+00
4.741322517395019531e+00
6.444094181060791016e+00
5.489836692810058594e+00
5.154730796813964844e+00
7.803529739379882812e+00
9.427658081054687500e+00
9.821508407592773438e+00
7.373516559600830078e+00
7.341654300689697266e+00
6.482966542243957520e-01
6.172124743461608887e-01
2.215149641036987305e+00
3.259675979614257812e+00
5.167585372924804688e+00
7.004557132720947266e+00
6.114477157592773438e+00
6.433988571166992188e+00
8.259656906127929688e+00
1.066843986511230469e+01
1.131105613708496094e+01
7.850509643554687500e+00
7.846954345703125000e+00
6.482966542243957520e-01
3.711385726928710938e-01
2.487582266330718994e-01
2.181996107101440430e+00
4.308522224426269531e+00
5.977182865142822266e+00
5.096649646759033203e+00
7.033403396606445312e+00
9.093204498291015625e+00
1.012161827087402344e+01
1.047255706787109375e+01
7.613773822784423828e+00
7.639723777770996094e+00
6.482966542243957520e-01
7.647622823715209961e-01
1.978627681732177734e+00
2.146642923355102539e+00
5.241500377655029297e+00
7.291392326354980469e+00
7.017862796783447266e+00
1.021553802490234375e+01
1.239136695861816406e+01
1.074819946289062500e+01
1.111073875427246094e+01
8.909214019775390625e+00
8.400117874145507812e+00
6.482966542243957520e-01
7.641276717185974121e-01
1.513807415962219238e+00
1.840784311294555664e+00
4.230251312255859375e+00
8.269764900207519531e+00
9.136857986450195312e+00
9.852611541748046875e+00
9.749906539916992188e+00
1.131358718872070312e+01
1.095944213867187500e+01
7.800932884216308594e+00
8.305612564086914062e+00
6.482966542243957520e-01
1.680656671524047852e-01
9.301305413246154785e-01
1.977866291999816895e+00
5.738359928131103516e+00
7.965225696563720703e+00
8.401506423950195312e+00
1.041850090026855469e+01
1.180572509765625000e+01
1.233419799804687500e+01
1.133815956115722656e+01
8.857826232910156250e+00
8.295417785644531250e+00
6.482966542243957520e-01
6.866147369146347046e-02
8.774783611297607422e-01
2.454135417938232422e+00
5.712479591369628906e+00
7.948523998260498047e+00
8.163700103759765625e+00
1.030045318603515625e+01
1.210204887390136719e+01
1.214017295837402344e+01
1.081764793395996094e+01
8.313354492187500000e+00
7.832294464111328125e+00
6.482966542243957520e-01
2.707301974296569824e-01
8.638069629669189453e-01
2.716572761535644531e+00
6.000837802886962891e+00
7.227932453155517578e+00
7.995240211486816406e+00
1.063139533996582031e+01
1.159138488769531250e+01
1.117134666442871094e+01
1.158485412597656250e+01
8.413625717163085938e+00
7.324701309204101562e+00
6.482966542243957520e-01
1.597727686166763306e-01
1.402101874351501465e+00
3.130723714828491211e+00
6.083047389984130859e+00
7.753153800964355469e+00
8.183894157409667969e+00
1.066828727722167969e+01
1.121793937683105469e+01
1.158895492553710938e+01
1.181637191772460938e+01
8.593492507934570312e+00
7.700735569000244141e+00
6.482966542243957520e-01
2.220462858676910400e-01
1.479028940200805664e+00
2.207586288452148438e+00
5.414321899414062500e+00
6.824554920196533203e+00
8.757165908813476562e+00
9.554933547973632812e+00
9.338867187500000000e+00
1.164396858215332031e+01
1.111085319519042969e+01
8.072341918945312500e+00
8.055816650390625000e+00
6.482966542243957520e-01
3.659047782421112061e-01
1.409493207931518555e+00
2.624780654907226562e+00
5.651510238647460938e+00
7.130980014801025391e+00
9.204107284545898438e+00
9.248039245605468750e+00
8.892984390258789062e+00
1.123282241821289062e+01
1.075275993347167969e+01
7.943325996398925781e+00
7.938531875610351562e+00
6.482966542243957520e-01
6.024651527404785156e-01
1.300578832626342773e+00
4.560977935791015625e+00
9.722181320190429688e+00
1.397481536865234375e+01
7.477938652038574219e+00
8.187446594238281250e+00
1.232165908813476562e+01
1.376695251464843750e+01
1.395202255249023438e+01
1.027790641784667969e+01
9.854066848754882812e+00
6.482966542243957520e-01
3.160468637943267822e-01
7.581169009208679199e-01
3.039837598800659180e+00
4.600563049316406250e+00
7.234876155853271484e+00
7.755493640899658203e+00
1.057849121093750000e+01
1.168653297424316406e+01
1.169307708740234375e+01
1.103955841064453125e+01
8.789455413818359375e+00
7.623191833496093750e+00
6.482966542243957520e-01
4.337251484394073486e-01
1.049288749694824219e+00
1.726655244827270508e+00
4.558861732482910156e+00
6.100434303283691406e+00
6.503838539123535156e+00
8.142167091369628906e+00
1.130955123901367188e+01
1.050030708312988281e+01
1.038713645935058594e+01
8.404935836791992188e+00
7.836411476135253906e+00
6.482966542243957520e-01
6.190507411956787109e-01
1.026209712028503418e+00
1.708667755126953125e+00
5.118415832519531250e+00
6.416119575500488281e+00
6.245985031127929688e+00
8.405229568481445312e+00
1.151223564147949219e+01
1.034196090698242188e+01
1.081915664672851562e+01
8.343351364135742188e+00
7.985481262207031250e+00
6.482966542243957520e-01
7.238401174545288086e-01
2.079463958740234375e+00
3.212706089019775391e+00
5.044224262237548828e+00
5.423569679260253906e+00
7.310274124145507812e+00
1.100406074523925781e+01
1.227979850769042969e+01
5.482337951660156250e+00
9.938627243041992188e+00
8.664064407348632812e+00
8.304552078247070312e+00
6.482966542243957520e-01
7.233688831329345703e-01
1.134726405143737793e+00
2.513391971588134766e+00
6.198136806488037109e+00
8.274167060852050781e+00
6.304436206817626953e+00
1.036535644531250000e+01
8.741170883178710938e+00
1.091810989379882812e+01
1.137533569335937500e+01
8.452850341796875000e+00
8.338332176208496094e+00
6.482966542243957520e-01
5.641473531723022461e-01
1.175146818161010742e+00
2.834760904312133789e+00
5.500406265258789062e+00
7.187623023986816406e+00
7.667265415191650391e+00
1.013998603820800781e+01
1.157243537902832031e+01
1.078853225708007812e+01
1.055578804016113281e+01
8.134992599487304688e+00
7.695240020751953125e+00
6.482966542243957520e-01
1.481653600931167603e-01
1.008450150489807129e+00
1.661554932594299316e+00
4.920435428619384766e+00
7.294074058532714844e+00
5.420668125152587891e+00
7.625660896301269531e+00
1.017071723937988281e+01
8.534088134765625000e+00
8.880311965942382812e+00
7.097279548645019531e+00
7.463809490203857422e+00
6.482966542243957520e-01
5.371339321136474609e-01
1.853963017463684082e+00
2.496070384979248047e+00
5.348783016204833984e+00
7.685723781585693359e+00
8.371490478515625000e+00
1.084769058227539062e+01
1.305088233947753906e+01
1.249891853332519531e+01
1.148804473876953125e+01
8.356382369995117188e+00
8.226039886474609375e+00
6.482966542243957520e-01
4.396813213825225830e-01
9.125174880027770996e-01
1.989341855049133301e+00
5.013283252716064453e+00
7.422187805175781250e+00
8.255807876586914062e+00
1.211346054077148438e+01
1.220151901245117188e+01
1.233503913879394531e+01
1.120685958862304688e+01
9.436969757080078125e+00
7.922666549682617188e+00
6.482966542243957520e-01
6.015958189964294434e-01
3.352228105068206787e-01
1.484471559524536133e+00
5.198711872100830078e+00
7.330109119415283203e+00
8.769025802612304688e+00
1.185349273681640625e+01
1.283123779296875000e+01
1.244923019409179688e+01
1.133157157897949219e+01
8.623939514160156250e+00
7.655941963195800781e+00
6.482966542243957520e-01
5.031622052192687988e-01
9.342514276504516602e-01
2.288094758987426758e+00
4.999735355377197266e+00
7.661234378814697266e+00
8.294326782226562500e+00
1.076488876342773438e+01
1.293174362182617188e+01
1.172808837890625000e+01
1.113671684265136719e+01
8.583488464355468750e+00
8.158975601196289062e+00
6.482966542243957520e-01
5.446133613586425781e-01
1.346837997436523438e+00
2.501605510711669922e+00
5.608853340148925781e+00
7.134943485260009766e+00
6.245605945587158203e+00
8.901954650878906250e+00
9.218296051025390625e+00
1.092518806457519531e+01
1.053404998779296875e+01
8.507961273193359375e+00
7.766651153564453125e+00
6.482966542243957520e-01
6.206248402595520020e-01
1.238174319267272949e+00
2.033829212188720703e+00
3.776309251785278320e+00
6.670250892639160156e+00
7.245110988616943359e+00
1.068379020690917969e+01
1.059358215332031250e+01
1.163007354736328125e+01
1.110644721984863281e+01
8.510278701782226562e+00
7.730704307556152344e+00
6.482966542243957520e-01
5.050380229949951172e-01
1.453193545341491699e+00
2.318847417831420898e+00
5.931762218475341797e+00
7.283255100250244141e+00
8.083086013793945312e+00
1.012481117248535156e+01
1.140376281738281250e+01
1.063600540161132812e+01
1.191046524047851562e+01
9.054819107055664062e+00
8.385772705078125000e+00
6.482966542243957520e-01
4.276294708251953125e-01
1.451715946197509766e+00
1.148290276527404785e+00
4.163409709930419922e+00
6.908222675323486328e+00
6.561505317687988281e+00
8.415754318237304688e+00
1.171252059936523438e+01
1.082557106018066406e+01
1.042253303527832031e+01
8.166620254516601562e+00
7.577493667602539062e+00
6.482966542243957520e-01
4.526809453964233398e-01
1.034624576568603516e+00
2.562901973724365234e+00
6.024378776550292969e+00
8.051554679870605469e+00
8.494174957275390625e+00
1.022392654418945312e+01
9.703468322753906250e+00
1.189544868469238281e+01
1.097927474975585938e+01
8.738340377807617188e+00
8.052929878234863281e+00
6.482966542243957520e-01
6.850424408912658691e-01
1.079420208930969238e+00
2.686341047286987305e+00
5.824444770812988281e+00
8.057929039001464844e+00
8.462524414062500000e+00
1.040867233276367188e+01
9.981252670288085938e+00
1.183776473999023438e+01
1.104583358764648438e+01
8.662227630615234375e+00
7.971067428588867188e+00
6.482966542243957520e-01
5.861817002296447754e-01
8.023450970649719238e-01
2.357195377349853516e+00
5.326958179473876953e+00
6.878619194030761719e+00
7.140085697174072266e+00
1.076008224487304688e+01
1.213131141662597656e+01
1.140843772888183594e+01
1.145504760742187500e+01
8.455579757690429688e+00
7.937314033508300781e+00
6.482966542243957520e-01
4.389512240886688232e-01
5.344551801681518555e-01
2.009654283523559570e+00
4.837884426116943359e+00
6.624971866607666016e+00
6.325592041015625000e+00
9.181188583374023438e+00
1.142444419860839844e+01
1.102317810058593750e+01
1.082214355468750000e+01
8.012758255004882812e+00
7.612411975860595703e+00
6.482966542243957520e-01
1.212859511375427246e+00
2.320169448852539062e+00
1.937274336814880371e+00
4.542661190032958984e+00
5.332082748413085938e+00
7.347753047943115234e+00
8.270254135131835938e+00
1.058843612670898438e+01
5.146840095520019531e+00
1.065335655212402344e+01
8.207988739013671875e+00
8.660768508911132812e+00
6.482966542243957520e-01
5.147982835769653320e-01
1.964633941650390625e+00
1.339429855346679688e+00
3.759633064270019531e+00
5.629177093505859375e+00
6.968770503997802734e+00
1.036752891540527344e+01
1.132403755187988281e+01
1.095983123779296875e+01
1.054042434692382812e+01
8.341079711914062500e+00
7.131352424621582031e+00
6.482966542243957520e-01
6.080168485641479492e-01
1.578771710395812988e+00
2.263919353485107422e+00
5.361917972564697266e+00
6.553716659545898438e+00
7.965968132019042969e+00
1.116758918762207031e+01
1.250300216674804688e+01
1.142556381225585938e+01
1.203084754943847656e+01
9.023477554321289062e+00
7.855651378631591797e+00
6.482966542243957520e-01
4.626064598560333252e-01
1.643020629882812500e+00
3.983354330062866211e+00
5.297368049621582031e+00
7.233468055725097656e+00
7.685044765472412109e+00
1.176455879211425781e+01
1.241676330566406250e+01
1.245164871215820312e+01
1.139787292480468750e+01
9.055355072021484375e+00
7.745342731475830078e+00
6.482966542243957520e-01
4.817720055580139160e-01
1.191473841667175293e+00
2.307716846466064453e+00
4.829998493194580078e+00
6.310207843780517578e+00
6.621085166931152344e+00
9.453102111816406250e+00
1.116705703735351562e+01
1.072976684570312500e+01
1.067665100097656250e+01
8.405252456665039062e+00
7.889470100402832031e+00
6.482966542243957520e-01
6.634203195571899414e-01
2.142679214477539062e+00
2.431048870086669922e+00
4.743264675140380859e+00
6.167453765869140625e+00
6.727572917938232422e+00
9.907251358032226562e+00
1.177045249938964844e+01
1.087905883789062500e+01
1.078174018859863281e+01
8.269807815551757812e+00
7.433346271514892578e+00
6.482966542243957520e-01
5.567253232002258301e-01
1.197506546974182129e+00
2.143517255783081055e+00
5.623598575592041016e+00
7.529300689697265625e+00
8.671085357666015625e+00
1.053112792968750000e+01
9.612953186035156250e+00
1.129170799255371094e+01
1.097045135498046875e+01
8.490148544311523438e+00
7.796766757965087891e+00
6.482966542243957520e-01
6.146151423454284668e-01
1.442868471145629883e+00
8.821092844009399414e-01
5.376626014709472656e+00
8.402694702148437500e+00
6.996337890625000000e+00
9.147579193115234375e+00
9.684520721435546875e+00
1.208856964111328125e+01
1.098893165588378906e+01
9.014301300048828125e+00
7.774916648864746094e+00
6.482966542243957520e-01
5.211158394813537598e-01
1.840345859527587891e+00
1.956647753715515137e+00
5.035718917846679688e+00
5.988071441650390625e+00
7.266248226165771484e+00
9.847772598266601562e+00
1.267946243286132812e+01
1.069705200195312500e+01
1.074781608581542969e+01
8.005439758300781250e+00
7.505103588104248047e+00
6.482966542243957520e-01
5.826664566993713379e-01
1.635749936103820801e+00
1.810271263122558594e+00
5.277679443359375000e+00
8.180597305297851562e+00
8.712007522583007812e+00
1.081683921813964844e+01
1.241222381591796875e+01
1.187959289550781250e+01
1.154285240173339844e+01
8.635118484497070312e+00
7.933474540710449219e+00
6.482966542243957520e-01
7.983902096748352051e-01
1.499302268028259277e+00
2.427200555801391602e+00
5.415281772613525391e+00
7.571025848388671875e+00
9.594551086425781250e+00
1.190560913085937500e+01
1.373490142822265625e+01
1.197290229797363281e+01
1.115378570556640625e+01
8.392923355102539062e+00
7.504350185394287109e+00
6.482966542243957520e-01
3.568746745586395264e-01
1.488119125366210938e+00
1.645743846893310547e+00
5.537916660308837891e+00
7.653079032897949219e+00
8.785980224609375000e+00
1.113559341430664062e+01
1.346627426147460938e+01
1.280612945556640625e+01
1.162027549743652344e+01
8.989307403564453125e+00
8.180131912231445312e+00
6.482966542243957520e-01
7.491041421890258789e-01
1.099688291549682617e+00
2.864464282989501953e+00
6.143984317779541016e+00
8.303263664245605469e+00
8.566200256347656250e+00
1.132673454284667969e+01
1.341742515563964844e+01
1.250129890441894531e+01
1.209026718139648438e+01
9.178428649902343750e+00
8.123659133911132812e+00
6.482966542243957520e-01
5.948552489280700684e-01
1.297092795372009277e+00
2.673012018203735352e+00
5.711447715759277344e+00
8.272369384765625000e+00
8.877008438110351562e+00
1.151920890808105469e+01
1.326343154907226562e+01
1.267624664306640625e+01
1.185433006286621094e+01
9.020006179809570312e+00
8.043479919433593750e+00
6.482966542243957520e-01
7.307125926017761230e-01
1.650171518325805664e+00
2.705897808074951172e+00
5.649190902709960938e+00
8.234616279602050781e+00
8.956739425659179688e+00
1.169785118103027344e+01
1.342286682128906250e+01
1.240796661376953125e+01
1.161663436889648438e+01
8.728641510009765625e+00
7.821913719177246094e+00
6.482966542243957520e-01
5.893310308456420898e-01
1.408468842506408691e+00
2.555018424987792969e+00
5.602444648742675781e+00
8.070156097412109375e+00
8.395385742187500000e+00
1.071714782714843750e+01
1.301959991455078125e+01
1.221366500854492188e+01
1.118908500671386719e+01
8.491975784301757812e+00
7.763498306274414062e+00
6.482966542243957520e-01
6.070655584335327148e-01
1.215637803077697754e+00
2.699184656143188477e+00
5.884850978851318359e+00
8.266544342041015625e+00
8.831062316894531250e+00
1.126796531677246094e+01
1.320443153381347656e+01
1.249476623535156250e+01
1.180698204040527344e+01
8.944702148437500000e+00
7.849131584167480469e+00
6.482966542243957520e-01
7.398724555969238281e-01
1.364600539207458496e+00
2.351389408111572266e+00
5.214006900787353516e+00
8.016680717468261719e+00
8.705017089843750000e+00
1.137521743774414062e+01
1.299770736694335938e+01
1.204919052124023438e+01
1.119205284118652344e+01
8.496633529663085938e+00
7.618700027465820312e+00
6.482966542243957520e-01
7.091467976570129395e-01
7.641511559486389160e-01
2.873841047286987305e+00
6.690482139587402344e+00
7.908684253692626953e+00
7.802221298217773438e+00
1.109808540344238281e+01
1.346096038818359375e+01
1.137918853759765625e+01
1.161744499206542969e+01
8.543626785278320312e+00
7.665641784667968750e+00
6.482966542243957520e-01
6.008490324020385742e-01
8.602302074432373047e-01
1.668759226799011230e+00
5.104467868804931641e+00
7.025398254394531250e+00
7.002675533294677734e+00
9.313182830810546875e+00
1.047130584716796875e+01
1.103233146667480469e+01
1.099445343017578125e+01
8.398094177246093750e+00
7.752155303955078125e+00
6.482966542243957520e-01
5.902690291404724121e-01
1.112113833427429199e+00
1.967145681381225586e+00
4.918006896972656250e+00
7.120308876037597656e+00
6.939523696899414062e+00
1.065627098083496094e+01
1.174112701416015625e+01
1.015217018127441406e+01
1.087415313720703125e+01
8.005458831787109375e+00
8.642868041992187500e+00
6.482966542243957520e-01
2.164433002471923828e-01
1.650297522544860840e+00
2.109770298004150391e+00
3.724922895431518555e+00
4.886236190795898438e+00
4.419547080993652344e+00
5.864968776702880859e+00
7.580380439758300781e+00
8.029952049255371094e+00
9.431013107299804688e+00
6.722631454467773438e+00
7.225799083709716797e+00
6.482966542243957520e-01
6.579629182815551758e-01
1.289109468460083008e+00
1.637870430946350098e+00
5.122408390045166016e+00
7.709026813507080078e+00
7.039665699005126953e+00
9.461156845092773438e+00
1.143420410156250000e+01
1.194632530212402344e+01
1.117819595336914062e+01
8.724939346313476562e+00
7.947165489196777344e+00
6.482966542243957520e-01
5.870531201362609863e-01
1.736204385757446289e+00
2.873376131057739258e+00
5.869949340820312500e+00
8.033365249633789062e+00
8.503252029418945312e+00
1.058169364929199219e+01
1.161840248107910156e+01
1.202573013305664062e+01
1.228227806091308594e+01
8.744977951049804688e+00
7.924782752990722656e+00
6.482966542243957520e-01
4.571169376373291016e+00
4.451598167419433594e+00
5.040336608886718750e+00
4.358645915985107422e+00
4.522424221038818359e+00
8.376791000366210938e+00
9.415390014648437500e+00
8.564958572387695312e+00
1.095543479919433594e+01
8.575763702392578125e+00
7.642996788024902344e+00
7.331110477447509766e+00
6.482966542243957520e-01
3.410267233848571777e-01
1.363058567047119141e+00
2.638560056686401367e+00
5.041500568389892578e+00
6.354494094848632812e+00
6.964677333831787109e+00
8.889955520629882812e+00
1.171667671203613281e+01
1.089704704284667969e+01
1.048171615600585938e+01
8.715242385864257812e+00
7.497540473937988281e+00
6.482966542243957520e-01
6.154047250747680664e-01
3.913497030735015869e-01
1.685214042663574219e+00
4.963973045349121094e+00
6.715656757354736328e+00
7.978419303894042969e+00
8.222815513610839844e+00
9.017763137817382812e+00
1.097609710693359375e+01
1.065569877624511719e+01
7.612319469451904297e+00
7.562784671783447266e+00
6.482966542243957520e-01
5.218307971954345703e-01
8.079574108123779297e-01
2.091465473175048828e+00
5.030757904052734375e+00
5.843552112579345703e+00
6.252017498016357422e+00
8.386875152587890625e+00
1.115270614624023438e+01
1.046552658081054688e+01
1.106585121154785156e+01
8.256327629089355469e+00
7.160611152648925781e+00
6.482966542243957520e-01
2.628507912158966064e-01
1.689200878143310547e+00
2.669226884841918945e+00
5.474642753601074219e+00
6.892259597778320312e+00
7.156138420104980469e+00
9.714963912963867188e+00
1.125065612792968750e+01
1.032934379577636719e+01
1.036281394958496094e+01
7.806166172027587891e+00
7.267840385437011719e+00
6.482966542243957520e-01
4.188952744007110596e-01
1.432711958885192871e+00
1.936107754707336426e+00
4.756581783294677734e+00
6.442665576934814453e+00
6.748200893402099609e+00
8.871717453002929688e+00
1.099098777770996094e+01
9.582643508911132812e+00
1.045485496520996094e+01
7.513843059539794922e+00
7.112076759338378906e+00
6.482966542243957520e-01
5.489583611488342285e-01
1.403531789779663086e+00
2.749937772750854492e+00
5.975209712982177734e+00
6.980506420135498047e+00
6.096085071563720703e+00
9.044969558715820312e+00
1.056194877624511719e+01
1.047709846496582031e+01
1.083484458923339844e+01
8.541063308715820312e+00
7.760794639587402344e+00
6.482966542243957520e-01
3.063120245933532715e-01
8.938801288604736328e-01
2.187211513519287109e+00
4.275316238403320312e+00
6.190841197967529297e+00
5.731279850006103516e+00
8.570903778076171875e+00
9.224977493286132812e+00
9.576484680175781250e+00
9.864908218383789062e+00
7.681465625762939453e+00
7.248028755187988281e+00
6.482966542243957520e-01
6.581586003303527832e-01
1.252667427062988281e+00
2.450257539749145508e+00
5.744785308837890625e+00
8.025761604309082031e+00
7.804146289825439453e+00
1.040775489807128906e+01
1.004207420349121094e+01
1.196650886535644531e+01
1.064679718017578125e+01
8.168783187866210938e+00
7.753802776336669922e+00
6.482966542243957520e-01
1.128975272178649902e+00
1.839852571487426758e+00
2.342522621154785156e+00
5.007319927215576172e+00
7.227684974670410156e+00
7.767231464385986328e+00
1.119503593444824219e+01
9.082021713256835938e+00
1.188976287841796875e+01
1.143801116943359375e+01
8.041193008422851562e+00
8.025775909423828125e+00
6.482966542243957520e-01
9.149004817008972168e-01
1.971034288406372070e+00
1.849707126617431641e+00
4.510118484497070312e+00
7.264720439910888672e+00
8.792152404785156250e+00
1.076939964294433594e+01
9.810470581054687500e+00
1.074353408813476562e+01
1.101378822326660156e+01
7.839976310729980469e+00
7.760103702545166016e+00
6.482966542243957520e-01
1.197804212570190430e+00
2.268286228179931641e+00
2.415362834930419922e+00
4.205559730529785156e+00
5.129012584686279297e+00
5.057631015777587891e+00
7.341443538665771484e+00
1.074000740051269531e+01
1.063693618774414062e+01
9.970026016235351562e+00
7.174532413482666016e+00
7.338462829589843750e+00
6.482966542243957520e-01
