1.762572489678859711e-02
2.117059707641601562e+00
3.607000350952148438e+00
5.341871261596679688e+00
6.964539527893066406e+00
6.470746517181396484e+00
8.941922187805175781e+00
1.058396816253662109e+01
1.043540763854980469e+01
1.057438468933105469e+01
8.126200675964355469e+00
7.939191818237304688e+00
2.229877188801765442e-02
1.781796105206012726e-02
2.383859872817993164e+00
3.131339073181152344e+00
4.839938640594482422e+00
6.367310047149658203e+00
5.560306072235107422e+00
8.460550308227539062e+00
1.028684711456298828e+01
8.849199295043945312e+00
9.640333175659179688e+00
7.151566982269287109e+00
7.714996814727783203e+00
2.229877188801765442e-02
1.673838309943675995e-02
2.634122371673583984e+00
3.202445030212402344e+00
5.303019046783447266e+00
6.076045513153076172e+00
5.639683246612548828e+00
7.945941448211669922e+00
1.000049781799316406e+01
1.044370841979980469e+01
1.065380954742431641e+01
7.889098644256591797e+00
7.566266536712646484e+00
2.229877188801765442e-02
1.374898850917816162e-02
2.773469209671020508e+00
3.113544702529907227e+00
5.216551780700683594e+00
6.891277790069580078e+00
6.548404216766357422e+00
5.875663757324218750e+00
6.432930469512939453e+00
8.967953681945800781e+00
1.024630737304687500e+01
7.572184562683105469e+00
7.386925220489501953e+00
2.229877188801765442e-02
2.207667008042335510e-02
2.558349132537841797e+00
3.261520385742187500e+00
5.076084136962890625e+00
5.889106273651123047e+00
5.706427097320556641e+00
8.041707992553710938e+00
9.629156112670898438e+00
8.905875205993652344e+00
1.025721549987792969e+01
7.427233695983886719e+00
7.940146446228027344e+00
2.229877188801765442e-02
1.266205683350563049e-02
2.565393686294555664e+00
3.513266563415527344e+00
5.448498249053955078e+00
6.452006340026855469e+00
6.770208358764648438e+00
9.483004570007324219e+00
1.092497062683105469e+01
1.141436481475830078e+01
1.094497299194335938e+01
8.153180122375488281e+00
8.399187088012695312e+00
2.229877188801765442e-02
6.361846346408128738e-03
3.103835582733154297e+00
3.410663366317749023e+00
5.405089378356933594e+00
7.198036670684814453e+00
5.900676250457763672e+00
8.859728813171386719e+00
1.021677398681640625e+01
1.029325294494628906e+01
1.005378913879394531e+01
7.800650119781494141e+00
8.077420234680175781e+00
2.229877188801765442e-02
1.860889419913291931e-02
1.992081403732299805e+00
2.512914896011352539e+00
4.856243133544921875e+00
6.667306423187255859e+00
6.842451572418212891e+00
7.801002979278564453e+00
9.828022003173828125e+00
1.002225685119628906e+01
9.839565277099609375e+00
7.260257720947265625e+00
7.220593452453613281e+00
2.229877188801765442e-02
1.725296676158905029e-02
2.418930292129516602e+00
3.589691162109375000e+00
5.422781467437744141e+00
7.869470119476318359e+00
8.147851943969726562e+00
1.027218532562255859e+01
1.227117347717285156e+01
1.068562602996826172e+01
1.050154876708984375e+01
8.350393295288085938e+00
7.904740810394287109e+00
2.229877188801765442e-02
2.191813848912715912e-02
1.882884979248046875e+00
2.828590869903564453e+00
5.464274406433105469e+00
7.262187004089355469e+00
8.216145515441894531e+00
8.846554756164550781e+00
9.360743522644042969e+00
1.078778553009033203e+01
1.104860305786132812e+01
8.011996269226074219e+00
7.707844257354736328e+00
2.229877188801765442e-02
8.843225426971912384e-03
2.617610692977905273e+00
3.385137557983398438e+00
5.305565834045410156e+00
6.408407211303710938e+00
4.597828388214111328e+00
5.641277313232421875e+00
7.264935016632080078e+00
9.858369827270507812e+00
9.963468551635742188e+00
7.404808998107910156e+00
7.936100006103515625e+00
2.229877188801765442e-02
2.006312645971775055e-02
2.057426691055297852e+00
2.963063478469848633e+00
5.568326950073242188e+00
7.120500564575195312e+00
5.818816661834716797e+00
9.223031997680664062e+00
9.459080696105957031e+00
9.716364860534667969e+00
1.021575069427490234e+01
7.500799179077148438e+00
7.641023159027099609e+00
2.229877188801765442e-02
1.514521054923534393e-02
1.989804625511169434e+00
3.452137231826782227e+00
5.294002532958984375e+00
6.131843566894531250e+00
4.631039142608642578e+00
5.708361625671386719e+00
7.885515213012695312e+00
9.177930831909179688e+00
1.012636661529541016e+01
7.558735847473144531e+00
7.791446208953857422e+00
2.229877188801765442e-02
2.113701030611991882e-02
2.123836278915405273e+00
3.167537212371826172e+00
5.314164638519287109e+00
6.416481971740722656e+00
6.174829006195068359e+00
7.105182647705078125e+00
9.939837455749511719e+00
1.029499244689941406e+01
1.051758098602294922e+01
7.798586368560791016e+00
7.757622718811035156e+00
2.229877188801765442e-02
1.697752065956592560e-02
2.986932039260864258e+00
3.384586811065673828e+00
5.411028861999511719e+00
6.411125659942626953e+00
5.480385303497314453e+00
5.068166255950927734e+00
8.358909606933593750e+00
9.694374084472656250e+00
9.665740013122558594e+00
7.622723102569580078e+00
7.871926307678222656e+00
2.229877188801765442e-02
1.735503040254116058e-02
2.261801004409790039e+00
3.573713302612304688e+00
5.413796424865722656e+00
6.421319961547851562e+00
4.713932991027832031e+00
4.091929435729980469e+00
6.854446411132812500e+00
9.547747611999511719e+00
1.005755233764648438e+01
7.380490303039550781e+00
7.406803131103515625e+00
2.229877188801765442e-02
1.029062550514936447e-02
2.741433143615722656e+00
2.908577203750610352e+00
5.232342243194580078e+00
5.762373924255371094e+00
3.990042209625244141e+00
3.707921266555786133e+00
5.736361980438232422e+00
8.795696258544921875e+00
9.739670753479003906e+00
7.292788028717041016e+00
7.689229965209960938e+00
2.229877188801765442e-02
1.674403250217437744e-02
2.441197395324707031e+00
2.890916109085083008e+00
4.849918365478515625e+00
5.982267856597900391e+00
5.488059997558593750e+00
4.063504695892333984e+00
7.724895954132080078e+00
9.727051734924316406e+00
9.600938796997070312e+00
7.204558849334716797e+00
7.333193302154541016e+00
2.229877188801765442e-02
1.518367882817983627e-02
2.402784824371337891e+00
3.431672096252441406e+00
5.576333522796630859e+00
7.064545631408691406e+00
6.151846885681152344e+00
6.247756004333496094e+00
7.935543537139892578e+00
1.036892890930175781e+01
1.095401096343994141e+01
8.265790939331054688e+00
8.291587829589843750e+00
2.229877188801765442e-02
7.884939201176166534e-03
2.983580589294433594e+00
2.767628669738769531e+00
5.789370059967041016e+00
6.122739315032958984e+00
4.896583080291748047e+00
6.954578876495361328e+00
9.604235649108886719e+00
1.064508628845214844e+01
1.082906150817871094e+01
7.829199314117431641e+00
7.831592082977294922e+00
2.229877188801765442e-02
1.380023825913667679e-02
2.498475074768066406e+00
3.350361347198486328e+00
6.054916858673095703e+00
7.772477149963378906e+00
6.854851722717285156e+00
1.030505847930908203e+01
1.264583015441894531e+01
1.025877094268798828e+01
1.104470348358154297e+01
8.402105331420898438e+00
8.261572837829589844e+00
2.229877188801765442e-02
1.372299157083034515e-02
2.596312046051025391e+00
3.291014671325683594e+00
5.288774013519287109e+00
7.878421783447265625e+00
9.825591087341308594e+00
1.030566883087158203e+01
9.181290626525878906e+00
1.104436016082763672e+01
1.044822502136230469e+01
7.964939594268798828e+00
7.743186950683593750e+00
2.229877188801765442e-02
6.050467025488615036e-03
2.576638936996459961e+00
3.534232378005981445e+00
5.915471553802490234e+00
7.942313671112060547e+00
8.188640594482421875e+00
1.058066463470458984e+01
1.254198837280273438e+01
1.201566696166992188e+01
1.159076213836669922e+01
8.962906837463378906e+00
7.875418663024902344e+00
2.229877188801765442e-02
1.155753899365663528e-02
2.449926853179931641e+00
3.056451320648193359e+00
5.659137248992919922e+00
8.000788688659667969e+00
8.229720115661621094e+00
1.118267154693603516e+01
1.298903846740722656e+01
1.219108200073242188e+01
1.182435703277587891e+01
9.011672973632812500e+00
7.932145118713378906e+00
2.229877188801765442e-02
1.075293775647878647e-02
2.297648906707763672e+00
2.907762289047241211e+00
5.674439907073974609e+00
8.300800323486328125e+00
7.909971714019775391e+00
1.128787708282470703e+01
1.177808380126953125e+01
1.164361667633056641e+01
1.094882488250732422e+01
8.079490661621093750e+00
7.831233978271484375e+00
2.229877188801765442e-02
1.181746739894151688e-02
2.266232490539550781e+00
3.052403926849365234e+00
5.586922645568847656e+00
8.194504737854003906e+00
8.321795463562011719e+00
1.117949390411376953e+01
1.105253314971923828e+01
1.214044666290283203e+01
1.150599002838134766e+01
8.761786460876464844e+00
8.113150596618652344e+00
2.229877188801765442e-02
1.046628225594758987e-02
2.912533521652221680e+00
3.610714197158813477e+00
5.625062942504882812e+00
7.955481052398681641e+00
9.482829093933105469e+00
9.840988159179687500e+00
9.344977378845214844e+00
1.162578678131103516e+01
1.093087196350097656e+01
8.242282867431640625e+00
8.186923980712890625e+00
2.229877188801765442e-02
9.886391460895538330e-03
2.744386434555053711e+00
3.440363168716430664e+00
5.754377841949462891e+00
7.580849647521972656e+00
9.274618148803710938e+00
9.302760124206542969e+00
8.870711326599121094e+00
1.138578414916992188e+01
1.111251068115234375e+01
8.355668067932128906e+00
8.104666709899902344e+00
2.229877188801765442e-02
6.648837123066186905e-03
1.500372529029846191e+00
2.734008312225341797e+00
6.689500808715820312e+00
8.868280410766601562e+00
9.137392997741699219e+00
1.103889560699462891e+01
1.044974231719970703e+01
1.384446811676025391e+01
1.244845104217529297e+01
9.394712448120117188e+00
8.902256965637207031e+00
2.229877188801765442e-02
6.566618103533983231e-03
2.356195926666259766e+00
3.391839027404785156e+00
5.713137626647949219e+00
7.097916126251220703e+00
8.226112365722656250e+00
1.035087966918945312e+01
1.273277664184570312e+01
1.168824100494384766e+01
1.089494037628173828e+01
8.679175376892089844e+00
7.955947399139404297e+00
2.229877188801765442e-02
1.432172022759914398e-02
2.092710494995117188e+00
3.490576744079589844e+00
4.816614627838134766e+00
6.547336578369140625e+00
6.630922794342041016e+00
8.540811538696289062e+00
1.156010055541992188e+01
1.062673473358154297e+01
1.045665454864501953e+01
8.419466972351074219e+00
8.104257583618164062e+00
2.229877188801765442e-02
1.358626317232847214e-02
2.266276836395263672e+00
3.345526218414306641e+00
5.126278400421142578e+00
6.349119663238525391e+00
6.668107509613037109e+00
9.113531112670898438e+00
1.221155929565429688e+01
1.115979671478271484e+01
1.056569671630859375e+01
8.534742355346679688e+00
7.896574974060058594e+00
2.229877188801765442e-02
2.243109345436096191e-01
2.757757186889648438e+00
3.720469713211059570e+00
5.710477828979492188e+00
8.064272880554199219e+00
7.319774627685546875e+00
1.120702648162841797e+01
1.245794010162353516e+01
1.033037281036376953e+01
9.570625305175781250e+00
7.525323390960693359e+00
7.735134601593017578e+00
2.229877188801765442e-02
1.106718089431524277e-02
2.942275047302246094e+00
3.023452281951904297e+00
5.662962913513183594e+00
7.466090202331542969e+00
6.952564716339111328e+00
9.942809104919433594e+00
8.515193939208984375e+00
1.071784591674804688e+01
1.046419620513916016e+01
8.394037246704101562e+00
8.415516853332519531e+00
2.229877188801765442e-02
2.113937772810459137e-02
1.902589440345764160e+00
2.927154541015625000e+00
4.955111026763916016e+00
6.907637596130371094e+00
7.193631172180175781e+00
9.696310997009277344e+00
1.178886890411376953e+01
1.130444240570068359e+01
1.064301013946533203e+01
7.845499992370605469e+00
7.794258117675781250e+00
2.229877188801765442e-02
6.645206827670335770e-03
2.707100152969360352e+00
3.818744659423828125e+00
4.085700035095214844e+00
6.107978820800781250e+00
5.309323787689208984e+00
8.489973068237304688e+00
1.016561985015869141e+01
7.444190502166748047e+00
8.959140777587890625e+00
7.202365875244140625e+00
7.746785640716552734e+00
2.229877188801765442e-02
1.279982831329107285e-02
2.483735084533691406e+00
3.275876760482788086e+00
6.359217166900634766e+00
8.268371582031250000e+00
8.939160346984863281e+00
1.125484561920166016e+01
1.305110168457031250e+01
1.213004112243652344e+01
1.143153572082519531e+01
8.755094528198242188e+00
8.044255256652832031e+00
2.229877188801765442e-02
7.290224079042673111e-03
2.703975915908813477e+00
3.550525188446044922e+00
5.921660423278808594e+00
7.344047546386718750e+00
8.411329269409179688e+00
1.178447914123535156e+01
1.331525802612304688e+01
1.252096939086914062e+01
1.148839092254638672e+01
9.032807350158691406e+00
8.150274276733398438e+00
2.229877188801765442e-02
1.335637085139751434e-02
2.515482664108276367e+00
3.641119956970214844e+00
6.086442947387695312e+00
8.088104248046875000e+00
8.779371261596679688e+00
1.158548069000244141e+01
1.285224151611328125e+01
1.205154037475585938e+01
1.115447425842285156e+01
8.513239860534667969e+00
7.603421211242675781e+00
2.229877188801765442e-02
9.389988146722316742e-03
2.373089313507080078e+00
3.532702445983886719e+00
5.506681919097900391e+00
7.477340698242187500e+00
7.591646194458007812e+00
1.028222942352294922e+01
1.288880634307861328e+01
1.135646343231201172e+01
1.163174533843994141e+01
8.736566543579101562e+00
7.768984794616699219e+00
2.229877188801765442e-02
1.601987890899181366e-02
2.256146669387817383e+00
3.227619647979736328e+00
5.164556026458740234e+00
7.356211185455322266e+00
5.679739952087402344e+00
8.325930595397949219e+00
8.673526763916015625e+00
1.063451194763183594e+01
1.024625396728515625e+01
7.508053779602050781e+00
6.829572677612304688e+00
2.229877188801765442e-02
8.591998368501663208e-03
1.930913925170898438e+00
3.142050027847290039e+00
5.765362262725830078e+00
7.411560535430908203e+00
7.213806152343750000e+00
1.023172473907470703e+01
1.127003097534179688e+01
1.184077835083007812e+01
1.100431537628173828e+01
8.386410713195800781e+00
7.423430919647216797e+00
2.229877188801765442e-02
1.068199705332517624e-02
2.165976762771606445e+00
3.480733633041381836e+00
6.320907115936279297e+00
7.934747219085693359e+00
9.270496368408203125e+00
1.074707221984863281e+01
1.222028923034667969e+01
1.017806720733642578e+01
1.122586631774902344e+01
8.524213790893554688e+00
7.774486064910888672e+00
2.229877188801765442e-02
1.282761711627244949e-02
2.141488313674926758e+00
2.861412525177001953e+00
5.304326057434082031e+00
6.054829120635986328e+00
6.696705341339111328e+00
8.866710662841796875e+00
1.200313854217529297e+01
1.036321640014648438e+01
1.073674488067626953e+01
8.491735458374023438e+00
7.564600944519042969e+00
2.229877188801765442e-02
1.149138249456882477e-02
2.223067760467529297e+00
2.742615461349487305e+00
5.695265293121337891e+00
8.212343215942382812e+00
8.128313064575195312e+00
1.004419136047363281e+01
9.090104103088378906e+00
1.163196372985839844e+01
1.135886287689208984e+01
8.669250488281250000e+00
7.761267185211181641e+00
2.229877188801765442e-02
1.019000168889760971e-02
1.971101045608520508e+00
3.009562253952026367e+00
5.759100914001464844e+00
7.855055332183837891e+00
8.188047409057617188e+00
1.047393226623535156e+01
9.365734100341796875e+00
1.217192363739013672e+01
1.155607986450195312e+01
8.922502517700195312e+00
7.574310302734375000e+00
2.229877188801765442e-02
1.294012926518917084e-02
2.120155334472656250e+00
3.122085094451904297e+00
5.383260726928710938e+00
6.395013809204101562e+00
7.388398647308349609e+00
1.080992698669433594e+01
1.218407726287841797e+01
1.127802371978759766e+01
1.133118438720703125e+01
8.529106140136718750e+00
8.196222305297851562e+00
2.229877188801765442e-02
9.536679834127426147e-03
2.265237331390380859e+00
3.516875743865966797e+00
4.873463153839111328e+00
5.792077064514160156e+00
6.430662631988525391e+00
8.869706153869628906e+00
1.163267898559570312e+01
1.123476982116699219e+01
1.059894466400146484e+01
8.302753448486328125e+00
7.695696830749511719e+00
2.229877188801765442e-02
4.288001954555511475e-01
2.807286977767944336e+00
4.062205314636230469e+00
4.954288482666015625e+00
5.264249324798583984e+00
7.396949291229248047e+00
8.225497245788574219e+00
1.117924118041992188e+01
9.512122154235839844e+00
9.764216423034667969e+00
7.666018962860107422e+00
8.193707466125488281e+00
2.229877188801765442e-02
1.071100588887929916e-02
2.459766387939453125e+00
3.177864789962768555e+00
5.438019752502441406e+00
7.679564476013183594e+00
7.322350025177001953e+00
9.970772743225097656e+00
1.166965579986572266e+01
1.111157512664794922e+01
1.059357070922851562e+01
7.904690265655517578e+00
7.948738098144531250e+00
2.229877188801765442e-02
1.600670628249645233e-02
1.961304783821105957e+00
3.431418657302856445e+00
5.603300571441650391e+00
6.458885192871093750e+00
7.667777061462402344e+00
1.107486915588378906e+01
1.290322971343994141e+01
1.091205883026123047e+01
1.175252628326416016e+01
8.960235595703125000e+00
8.627137184143066406e+00
2.229877188801765442e-02
1.338957250118255615e-02
2.138924121856689453e+00
3.186344861984252930e+00
4.855626583099365234e+00
6.441997528076171875e+00
7.351365566253662109e+00
1.103288841247558594e+01
1.230468463897705078e+01
1.167067050933837891e+01
1.158627414703369141e+01
8.792067527770996094e+00
8.371736526489257812e+00
2.229877188801765442e-02
1.542578823864459991e-02
2.499619483947753906e+00
2.680979728698730469e+00
4.989780902862548828e+00
5.852272033691406250e+00
5.837935447692871094e+00
8.269723892211914062e+00
1.033571243286132812e+01
1.118868160247802734e+01
1.079091262817382812e+01
8.397074699401855469e+00
8.073698997497558594e+00
2.229877188801765442e-02
1.395802665501832962e-02
2.431808948516845703e+00
3.302314758300781250e+00
4.830830097198486328e+00
6.837312221527099609e+00
6.996964454650878906e+00
9.741291046142578125e+00
1.143704414367675781e+01
1.090007591247558594e+01
1.090316009521484375e+01
8.605181694030761719e+00
8.244788169860839844e+00
2.229877188801765442e-02
1.479113008826971054e-02
2.310934066772460938e+00
3.075863361358642578e+00
5.977193355560302734e+00
8.704540252685546875e+00
8.545653343200683594e+00
1.025663661956787109e+01
8.965713500976562500e+00
1.159314537048339844e+01
1.114832210540771484e+01
8.436000823974609375e+00
8.042246818542480469e+00
2.229877188801765442e-02
7.961398921906948090e-03
2.051662445068359375e+00
3.463931560516357422e+00
6.022619724273681641e+00
8.278207778930664062e+00
7.207698345184326172e+00
9.895925521850585938e+00
9.425156593322753906e+00
1.240557003021240234e+01
1.126881217956542969e+01
8.544322013854980469e+00
7.925527572631835938e+00
2.229877188801765442e-02
1.417981926351785660e-02
2.255377292633056641e+00
2.597527980804443359e+00
5.429935455322265625e+00
7.335554122924804688e+00
8.342259407043457031e+00
1.093594551086425781e+01
1.310655498504638672e+01
1.145348834991455078e+01
1.109350395202636719e+01
8.024346351623535156e+00
7.697100162506103516e+00
2.229877188801765442e-02
1.254345290362834930e-02
2.012413263320922852e+00
3.673670053482055664e+00
5.875874519348144531e+00
7.768332481384277344e+00
8.556952476501464844e+00
1.093412017822265625e+01
1.275513076782226562e+01
1.248242950439453125e+01
1.153696250915527344e+01
9.193012237548828125e+00
7.929788112640380859e+00
2.229877188801765442e-02
1.229612622410058975e-02
2.194530487060546875e+00
3.480685949325561523e+00
5.664353370666503906e+00
8.109641075134277344e+00
8.941403388977050781e+00
1.165414524078369141e+01
1.352293395996093750e+01
1.233844757080078125e+01
1.143066596984863281e+01
9.088562011718750000e+00
7.846756458282470703e+00
2.229877188801765442e-02
1.617643609642982483e-02
2.176261186599731445e+00
3.481889247894287109e+00
5.744823932647705078e+00
7.736122131347656250e+00
8.119313240051269531e+00
1.098430347442626953e+01
1.329325485229492188e+01
1.211494064331054688e+01
1.164834690093994141e+01
8.788495063781738281e+00
8.120983123779296875e+00
2.229877188801765442e-02
1.588666625320911407e-02
2.072036266326904297e+00
3.297313451766967773e+00
5.886288166046142578e+00
8.319843292236328125e+00
8.735326766967773438e+00
1.174454975128173828e+01
1.390695953369140625e+01
1.193327617645263672e+01
1.184328842163085938e+01
8.849745750427246094e+00
7.909402847290039062e+00
2.229877188801765442e-02
1.477705407887697220e-02
2.311715126037597656e+00
3.404644012451171875e+00
5.757963180541992188e+00
8.327049255371093750e+00
8.818532943725585938e+00
1.146484279632568359e+01
1.327960014343261719e+01
1.237590122222900391e+01
1.171735000610351562e+01
8.998641014099121094e+00
7.922052860260009766e+00
2.229877188801765442e-02
1.764044910669326782e-02
1.917359828948974609e+00
2.823342323303222656e+00
5.708068847656250000e+00
7.891660690307617188e+00
8.586088180541992188e+00
1.159554004669189453e+01
1.357481956481933594e+01
1.225309658050537109e+01
1.186598777770996094e+01
8.842847824096679688e+00
8.025733947753906250e+00
2.229877188801765442e-02
1.658697612583637238e-02
1.956418156623840332e+00
3.187888383865356445e+00
5.678554534912109375e+00
8.095631599426269531e+00
8.578714370727539062e+00
1.077650356292724609e+01
1.329547405242919922e+01
1.176779174804687500e+01
1.121725177764892578e+01
8.387980461120605469e+00
7.741740226745605469e+00
2.229877188801765442e-02
1.647616736590862274e-02
2.047742843627929688e+00
3.227509021759033203e+00
5.822333812713623047e+00
8.075246810913085938e+00
8.546926498413085938e+00
1.125756740570068359e+01
1.345722961425781250e+01
1.214338874816894531e+01
1.162738895416259766e+01
8.790469169616699219e+00
7.755949974060058594e+00
2.229877188801765442e-02
1.523359771817922592e-02
1.884115099906921387e+00
3.348091840744018555e+00
5.802303791046142578e+00
7.748268127441406250e+00
8.417256355285644531e+00
1.139292526245117188e+01
1.347896003723144531e+01
1.226121139526367188e+01
1.168079280853271484e+01
8.864564895629882812e+00
7.688759326934814453e+00
2.229877188801765442e-02
1.596797071397304535e-02
2.146309375762939453e+00
3.289589643478393555e+00
5.738925457000732422e+00
7.985080242156982422e+00
7.939928531646728516e+00
1.121263885498046875e+01
1.299046802520751953e+01
1.121869850158691406e+01
1.145287418365478516e+01
8.974507331848144531e+00
7.876816749572753906e+00
2.229877188801765442e-02
1.449146028608083725e-02
2.611875772476196289e+00
2.979305982589721680e+00
5.066625118255615234e+00
7.555723667144775391e+00
6.796219348907470703e+00
9.403656959533691406e+00
9.161275863647460938e+00
1.157311820983886719e+01
1.110756015777587891e+01
8.132904052734375000e+00
7.773267745971679688e+00
2.229877188801765442e-02
1.071275770664215088e-02
2.339456319808959961e+00
3.049964427947998047e+00
5.051703929901123047e+00
7.642632007598876953e+00
7.303569793701171875e+00
1.051282405853271484e+01
1.158675670623779297e+01
1.006756877899169922e+01
1.056766223907470703e+01
7.894608974456787109e+00
7.763430118560791016e+00
2.229877188801765442e-02
1.124082133173942566e-02
2.185231685638427734e+00
2.761436462402343750e+00
4.363596439361572266e+00
4.384702205657958984e+00
3.820847272872924805e+00
4.613631725311279297e+00
7.495631217956542969e+00
8.394938468933105469e+00
9.262893676757812500e+00
6.896749973297119141e+00
7.720606327056884766e+00
2.229877188801765442e-02
1.399346254765987396e-02
2.376566410064697266e+00
3.262909173965454102e+00
5.278047084808349609e+00
6.736762523651123047e+00
7.201328277587890625e+00
1.011827850341796875e+01
1.269466114044189453e+01
1.176952266693115234e+01
1.138096332550048828e+01
8.265766143798828125e+00
8.212117195129394531e+00
2.229877188801765442e-02
1.568845845758914948e-02
2.411856412887573242e+00
3.209129810333251953e+00
5.745371818542480469e+00
8.058215141296386719e+00
9.325003623962402344e+00
1.156013011932373047e+01
1.238846588134765625e+01
1.176459217071533203e+01
1.178632164001464844e+01
8.826937675476074219e+00
8.104394912719726562e+00
2.229877188801765442e-02
1.320372223854064941e-01
3.165335178375244141e+00
4.304917812347412109e+00
5.126265525817871094e+00
7.576014995574951172e+00
7.147490978240966797e+00
9.062684059143066406e+00
8.075061798095703125e+00
1.124934196472167969e+01
1.011650848388671875e+01
8.381943702697753906e+00
7.706717014312744141e+00
2.229877188801765442e-02
1.680871099233627319e-02
2.138314485549926758e+00
3.055206298828125000e+00
4.853415012359619141e+00
6.296128273010253906e+00
7.267997264862060547e+00
9.787425041198730469e+00
1.178509807586669922e+01
1.085512351989746094e+01
1.077620697021484375e+01
8.564117431640625000e+00
7.296860694885253906e+00
2.229877188801765442e-02
7.818150334060192108e-03
1.738824963569641113e+00
2.922082424163818359e+00
4.596374988555908203e+00
6.410365581512451172e+00
8.016123771667480469e+00
7.919485569000244141e+00
9.401140213012695312e+00
1.113884353637695312e+01
1.040057373046875000e+01
7.285960674285888672e+00
7.550163745880126953e+00
2.229877188801765442e-02
1.455402001738548279e-02
2.182213068008422852e+00
2.978936672210693359e+00
4.670476436614990234e+00
5.887263298034667969e+00
5.680912017822265625e+00
7.561758995056152344e+00
1.089147663116455078e+01
1.056498718261718750e+01
1.064447021484375000e+01
8.508435249328613281e+00
7.528764247894287109e+00
2.229877188801765442e-02
1.308991294354200363e-02
1.837504386901855469e+00
2.856142759323120117e+00
5.151202201843261719e+00
6.258867740631103516e+00
7.079262733459472656e+00
9.375961303710937500e+00
1.083117198944091797e+01
1.009291744232177734e+01
1.065170764923095703e+01
8.146274566650390625e+00
7.458926677703857422e+00
2.229877188801765442e-02
7.722749840468168259e-03
2.175139188766479492e+00
3.292793512344360352e+00
4.722988128662109375e+00
6.302307128906250000e+00
6.144207000732421875e+00
7.956615924835205078e+00
1.021675777435302734e+01
9.060487747192382812e+00
1.031572341918945312e+01
8.117488861083984375e+00
7.531610488891601562e+00
2.229877188801765442e-02
1.357001345604658127e-02
2.330551147460937500e+00
3.217521190643310547e+00
5.297723770141601562e+00
6.061068058013916016e+00
5.942950248718261719e+00
8.732449531555175781e+00
1.006322574615478516e+01
9.944261550903320312e+00
1.089018154144287109e+01
8.461787223815917969e+00
7.725265502929687500e+00
2.229877188801765442e-02
8.513513021171092987e-03
2.520558834075927734e+00
2.989846467971801758e+00
4.892889022827148438e+00
6.051959991455078125e+00
5.534330844879150391e+00
8.142599105834960938e+00
8.232900619506835938e+00
1.076984119415283203e+01
1.004487705230712891e+01
8.520648002624511719e+00
7.670510768890380859e+00
2.229877188801765442e-02
1.604685746133327484e-02
1.895991802215576172e+00
3.010776758193969727e+00
5.445254325866699219e+00
7.425058841705322266e+00
7.146264076232910156e+00
1.006325244903564453e+01
9.463273048400878906e+00
1.201866054534912109e+01
1.118484497070312500e+01
8.574699401855468750e+00
7.970066070556640625e+00
2.229877188801765442e-02
1.074028667062520981e-02
2.523563146591186523e+00
3.470867156982421875e+00
6.166694641113281250e+00
8.184999465942382812e+00
8.188230514526367188e+00
1.073283290863037109e+01
8.689561843872070312e+00
1.187402915954589844e+01
1.127619934082031250e+01
8.460765838623046875e+00
8.600336074829101562e+00
2.229877188801765442e-02
1.246431190520524979e-02
2.333446741104125977e+00
3.422172307968139648e+00
5.169008731842041016e+00
7.328837394714355469e+00
9.407577514648437500e+00
1.264648914337158203e+01
1.044467353820800781e+01
1.016108798980712891e+01
1.078465080261230469e+01
7.851796627044677734e+00
7.991965770721435547e+00
2.229877188801765442e-02
8.241994306445121765e-03
1.930255770683288574e+00
2.665699005126953125e+00
4.361154079437255859e+00
5.471307754516601562e+00
5.039035797119140625e+00
7.633672714233398438e+00
9.732855796813964844e+00
1.037657737731933594e+01
9.705375671386718750e+00
7.673567295074462891e+00
7.202071189880371094e+00
2.229877188801765442e-02
