3.979639708995819092e-01
6.743493676185607910e-01
1.602085083723068237e-01
5.562641143798828125e+00
7.182077407836914062e+00
6.958173274993896484e+00
8.695542335510253906e+00
1.087406253814697266e+01
1.060952949523925781e+01
1.073210334777832031e+01
7.753877162933349609e+00
7.883591651916503906e+00
4.251523613929748535e-01
3.251871168613433838e-01
7.045441865921020508e-01
1.373215675354003906e+00
5.048107624053955078e+00
6.208508491516113281e+00
6.269444465637207031e+00
8.195072174072265625e+00
9.760882377624511719e+00
9.255303382873535156e+00
1.026642036437988281e+01
7.079073905944824219e+00
7.480047225952148438e+00
4.251523613929748535e-01
5.733209848403930664e-01
1.810149073600769043e+00
4.986365139484405518e-01
5.710614681243896484e+00
6.295301437377929688e+00
5.580816745758056641e+00
8.026189804077148438e+00
8.673398971557617188e+00
9.791310310363769531e+00
1.023180294036865234e+01
7.961096763610839844e+00
7.468699455261230469e+00
4.251523613929748535e-01
3.376704454421997070e-01
1.095061779022216797e+00
4.049105644226074219e-01
6.104939937591552734e+00
6.654122352600097656e+00
6.909854888916015625e+00
6.164921283721923828e+00
7.084679126739501953e+00
8.950376510620117188e+00
1.044504356384277344e+01
7.425544261932373047e+00
7.759107112884521484e+00
4.251523613929748535e-01
4.894701540470123291e-01
5.770066976547241211e-01
2.152534246444702148e+00
5.380293846130371094e+00
5.953946113586425781e+00
5.726595401763916016e+00
7.255434989929199219e+00
9.382442474365234375e+00
8.881770133972167969e+00
1.056406497955322266e+01
7.353858947753906250e+00
7.932331085205078125e+00
4.251523613929748535e-01
4.075201153755187988e-01
6.334187388420104980e-01
2.011614799499511719e+00
5.271277904510498047e+00
6.682179927825927734e+00
6.946559906005859375e+00
9.598886489868164062e+00
1.112284564971923828e+01
1.100774383544921875e+01
1.062596511840820312e+01
8.240108489990234375e+00
8.203414916992187500e+00
4.251523613929748535e-01
3.500209748744964600e-02
3.154176473617553711e-02
1.861116170883178711e+00
5.116632461547851562e+00
7.506762027740478516e+00
6.699689388275146484e+00
8.893397331237792969e+00
1.048703098297119141e+01
1.053819179534912109e+01
1.072805595397949219e+01
7.652205467224121094e+00
8.227285385131835938e+00
4.251523613929748535e-01
5.732421278953552246e-01
1.097640872001647949e+00
6.772037744522094727e-01
5.726706027984619141e+00
6.972657203674316406e+00
6.762362480163574219e+00
7.625219821929931641e+00
9.222324371337890625e+00
1.026054382324218750e+01
9.826230049133300781e+00
7.124136924743652344e+00
7.809581756591796875e+00
4.251523613929748535e-01
5.189464092254638672e-01
3.322287797927856445e-01
1.747915029525756836e+00
5.205295085906982422e+00
8.084667205810546875e+00
8.101195335388183594e+00
1.041059017181396484e+01
1.239094734191894531e+01
1.097015190124511719e+01
1.082474327087402344e+01
8.441575050354003906e+00
7.845385551452636719e+00
4.251523613929748535e-01
5.624988079071044922e-01
1.608548045158386230e+00
6.370339393615722656e-01
6.300356864929199219e+00
7.153605461120605469e+00
7.980443954467773438e+00
8.902236938476562500e+00
9.662694931030273438e+00
1.050094127655029297e+01
1.126016998291015625e+01
8.188460350036621094e+00
8.043315887451171875e+00
4.251523613929748535e-01
3.135825097560882568e-01
3.743406534194946289e-01
1.392142534255981445e+00
5.374102592468261719e+00
6.722145080566406250e+00
5.222045421600341797e+00
6.673712253570556641e+00
8.389927864074707031e+00
9.751752853393554688e+00
1.009058189392089844e+01
7.862109661102294922e+00
7.769006729125976562e+00
4.251523613929748535e-01
6.510989665985107422e-01
8.995094895362854004e-01
2.476806752383708954e-02
5.411542892456054688e+00
7.698115825653076172e+00
6.427867412567138672e+00
9.112050056457519531e+00
9.255129814147949219e+00
1.004367160797119141e+01
1.068080043792724609e+01
8.046358108520507812e+00
7.323596477508544922e+00
4.251523613929748535e-01
7.324445247650146484e-01
1.797234773635864258e+00
4.290171563625335693e-01
5.871781349182128906e+00
6.581097126007080078e+00
5.636976242065429688e+00
6.093937873840332031e+00
8.397581100463867188e+00
9.689455032348632812e+00
1.010771465301513672e+01
7.592206001281738281e+00
8.264066696166992188e+00
4.251523613929748535e-01
7.800299525260925293e-01
1.041606545448303223e+00
3.387367129325866699e-01
5.991153717041015625e+00
6.479847431182861328e+00
6.403189182281494141e+00
6.993363380432128906e+00
9.892024993896484375e+00
1.025120353698730469e+01
1.065307521820068359e+01
8.069713592529296875e+00
8.121961593627929688e+00
4.251523613929748535e-01
5.537467598915100098e-01
9.640101790428161621e-01
2.096372842788696289e+00
5.344381809234619141e+00
6.660768508911132812e+00
5.676528453826904297e+00
6.146280288696289062e+00
8.496176719665527344e+00
9.807661056518554688e+00
1.046283054351806641e+01
7.852768898010253906e+00
8.105967521667480469e+00
4.251523613929748535e-01
4.687151908874511719e-01
5.073442459106445312e-01
1.929217338562011719e+00
6.148490905761718750e+00
6.175957679748535156e+00
4.727037429809570312e+00
3.953562736511230469e+00
6.542631626129150391e+00
9.250418663024902344e+00
9.616326332092285156e+00
7.469631671905517578e+00
7.553850650787353516e+00
4.251523613929748535e-01
2.372111529111862183e-01
2.958039045333862305e-01
5.781370997428894043e-01
5.768693923950195312e+00
6.311266899108886719e+00
4.537748336791992188e+00
4.591121196746826172e+00
6.558122634887695312e+00
8.490332603454589844e+00
9.539400100708007812e+00
7.824882984161376953e+00
7.855026245117187500e+00
4.251523613929748535e-01
5.073291063308715820e-01
1.889892339706420898e+00
8.678343892097473145e-01
6.317053794860839844e+00
6.001390933990478516e+00
4.921495437622070312e+00
4.561928749084472656e+00
7.488957881927490234e+00
9.185465812683105469e+00
9.781551361083984375e+00
7.289745330810546875e+00
7.487560272216796875e+00
4.251523613929748535e-01
8.878710269927978516e-01
6.147770881652832031e-01
2.200254201889038086e-01
5.587596893310546875e+00
6.950331687927246094e+00
5.910377502441406250e+00
6.761062622070312500e+00
7.845391750335693359e+00
1.034632778167724609e+01
1.049214076995849609e+01
7.870285511016845703e+00
7.750601768493652344e+00
4.251523613929748535e-01
4.678705334663391113e-02
4.554746747016906738e-01
1.855404615402221680e+00
5.870859622955322266e+00
6.125623226165771484e+00
5.574221611022949219e+00
6.359189510345458984e+00
8.214806556701660156e+00
9.921825408935546875e+00
1.023435878753662109e+01
8.179327011108398438e+00
7.719556331634521484e+00
4.251523613929748535e-01
5.544379353523254395e-01
5.129495263099670410e-01
1.253264904022216797e+00
5.271349906921386719e+00
7.718457698822021484e+00
6.942397594451904297e+00
1.022799587249755859e+01
1.243042945861816406e+01
1.095512580871582031e+01
1.146227931976318359e+01
8.227232933044433594e+00
7.658889770507812500e+00
4.251523613929748535e-01
3.873974084854125977e-01
2.918957173824310303e-01
1.566763401031494141e+00
6.180677413940429688e+00
7.827337265014648438e+00
9.074364662170410156e+00
1.072119331359863281e+01
9.861401557922363281e+00
1.156809711456298828e+01
1.093252277374267578e+01
8.522901535034179688e+00
8.064224243164062500e+00
4.251523613929748535e-01
3.211452066898345947e-01
8.139376044273376465e-01
3.029640913009643555e-01
6.123232841491699219e+00
7.600925922393798828e+00
8.528127670288085938e+00
1.023203849792480469e+01
1.210911846160888672e+01
1.172483158111572266e+01
1.137731647491455078e+01
8.755548477172851562e+00
8.018224716186523438e+00
4.251523613929748535e-01
3.422765433788299561e-01
9.812457561492919922e-01
3.750713765621185303e-01
6.176779270172119141e+00
7.338088035583496094e+00
8.054335594177246094e+00
1.033355045318603516e+01
1.216264057159423828e+01
1.174625301361083984e+01
1.107313632965087891e+01
8.439858436584472656e+00
8.032028198242187500e+00
4.251523613929748535e-01
2.921276688575744629e-01
1.214867949485778809e+00
6.282308697700500488e-01
5.883449554443359375e+00
8.210046768188476562e+00
7.443325519561767578e+00
1.079425811767578125e+01
1.128693485260009766e+01
1.155870914459228516e+01
1.086434650421142578e+01
8.420054435729980469e+00
8.015700340270996094e+00
4.251523613929748535e-01
2.956781387329101562e-01
1.243605732917785645e+00
7.880058288574218750e-01
6.024621963500976562e+00
8.042968750000000000e+00
7.702556610107421875e+00
1.066126060485839844e+01
1.121151256561279297e+01
1.155685997009277344e+01
1.085241699218750000e+01
8.607604980468750000e+00
8.415994644165039062e+00
4.251523613929748535e-01
2.913473248481750488e-01
1.460928320884704590e-01
1.202681422233581543e+00
5.667729377746582031e+00
8.086666107177734375e+00
8.753171920776367188e+00
9.819517135620117188e+00
9.994585990905761719e+00
1.141255664825439453e+01
1.091204166412353516e+01
7.887234210968017578e+00
8.361440658569335938e+00
4.251523613929748535e-01
2.097081094980239868e-01
3.888658285140991211e-01
1.028590559959411621e+00
6.169257164001464844e+00
7.871527671813964844e+00
8.521028518676757812e+00
8.935827255249023438e+00
9.113166809082031250e+00
1.071758937835693359e+01
1.060067081451416016e+01
7.911153793334960938e+00
8.392663955688476562e+00
4.251523613929748535e-01
5.434954166412353516e-01
2.425995588302612305e+00
5.386724948883056641e+00
1.076107978820800781e+01
7.866236209869384766e+00
4.651219367980957031e+00
1.035781669616699219e+01
1.059262371063232422e+01
1.306154060363769531e+01
1.253636741638183594e+01
1.003066730499267578e+01
8.764527320861816406e+00
4.251523613929748535e-01
1.260615736246109009e-01
1.082328408956527710e-01
1.537539243698120117e+00
5.916454792022705078e+00
6.695141315460205078e+00
7.471630096435546875e+00
1.046808719635009766e+01
1.201164150238037109e+01
1.180558872222900391e+01
1.139282035827636719e+01
8.425951957702636719e+00
8.217432022094726562e+00
4.251523613929748535e-01
4.390647113323211670e-01
7.558471560478210449e-01
2.091816812753677368e-01
5.683633804321289062e+00
6.710611820220947266e+00
7.249947071075439453e+00
8.357487678527832031e+00
1.146553421020507812e+01
9.998646736145019531e+00
1.043983745574951172e+01
8.302500724792480469e+00
7.784137248992919922e+00
4.251523613929748535e-01
4.450726211071014404e-01
9.710900187492370605e-01
5.328735113143920898e-01
5.620469570159912109e+00
6.671158790588378906e+00
6.581927776336669922e+00
9.176513671875000000e+00
1.149733543395996094e+01
9.952657699584960938e+00
1.035637950897216797e+01
8.518435478210449219e+00
7.967258453369140625e+00
4.251523613929748535e-01
3.706984221935272217e-01
7.971154451370239258e-01
3.136170864105224609e+00
5.383716106414794922e+00
7.821923732757568359e+00
7.882834911346435547e+00
1.100804519653320312e+01
6.884388923645019531e+00
9.930270195007324219e+00
9.518463134765625000e+00
8.088771820068359375e+00
7.944964408874511719e+00
4.251523613929748535e-01
3.804285824298858643e-01
3.132310211658477783e-01
6.911068558692932129e-01
6.540841102600097656e+00
6.961935997009277344e+00
7.000973224639892578e+00
9.334734916687011719e+00
9.487280845642089844e+00
1.097338771820068359e+01
1.104955482482910156e+01
8.510416984558105469e+00
8.518248558044433594e+00
4.251523613929748535e-01
4.645979404449462891e-01
1.191683530807495117e+00
6.501410603523254395e-01
6.661695957183837891e+00
7.036705970764160156e+00
7.404770851135253906e+00
9.307063102722167969e+00
1.070924663543701172e+01
1.111592388153076172e+01
1.025656700134277344e+01
8.113773345947265625e+00
8.036479949951171875e+00
4.251523613929748535e-01
9.855871647596359253e-02
3.705718815326690674e-01
7.192468643188476562e-01
5.787457942962646484e+00
6.161832809448242188e+00
5.596325397491455078e+00
8.496279716491699219e+00
1.060902404785156250e+01
8.092839241027832031e+00
9.072299003601074219e+00
7.176401615142822266e+00
7.161960124969482422e+00
4.251523613929748535e-01
2.811962366104125977e-01
1.099062681198120117e+00
2.574892044067382812e-01
5.741140842437744141e+00
7.533967018127441406e+00
8.384707450866699219e+00
1.109075927734375000e+01
1.281154346466064453e+01
1.236584281921386719e+01
1.106549739837646484e+01
8.898626327514648438e+00
8.172100067138671875e+00
4.251523613929748535e-01
8.135836571455001831e-02
9.008407592773437500e-01
1.336790800094604492e+00
5.692996025085449219e+00
7.221042156219482422e+00
8.545081138610839844e+00
1.194766139984130859e+01
1.276329231262207031e+01
1.206509208679199219e+01
1.162904644012451172e+01
9.087634086608886719e+00
7.727108955383300781e+00
4.251523613929748535e-01
1.986662149429321289e-01
7.053868174552917480e-01
7.712988853454589844e-01
6.181035518646240234e+00
7.691471576690673828e+00
8.852002143859863281e+00
1.141409778594970703e+01
1.262551784515380859e+01
1.205682563781738281e+01
1.118393135070800781e+01
8.371300697326660156e+00
7.843730926513671875e+00
4.251523613929748535e-01
4.790780693292617798e-02
7.488707900047302246e-01
8.173112571239471436e-02
5.664886474609375000e+00
7.701275825500488281e+00
7.955513954162597656e+00
1.031997871398925781e+01
1.279326438903808594e+01
1.145458030700683594e+01
1.137070941925048828e+01
8.871299743652343750e+00
7.866613388061523438e+00
4.251523613929748535e-01
2.929613888263702393e-01
7.409911751747131348e-01
3.358782231807708740e-01
5.805691242218017578e+00
6.906517028808593750e+00
6.076910495758056641e+00
8.503446578979492188e+00
9.052678108215332031e+00
1.061789131164550781e+01
1.012705707550048828e+01
8.155396461486816406e+00
7.240705013275146484e+00
4.251523613929748535e-01
1.658196933567523956e-02
1.475783586502075195e-01
1.673584699630737305e+00
5.755641937255859375e+00
7.160121440887451172e+00
7.644964694976806641e+00
9.720513343811035156e+00
1.104855537414550781e+01
1.178034973144531250e+01
1.098502159118652344e+01
8.500103950500488281e+00
7.541647911071777344e+00
4.251523613929748535e-01
2.927365601062774658e-01
2.089744806289672852e-01
7.382169365882873535e-01
5.979319572448730469e+00
7.725186824798583984e+00
8.531503677368164062e+00
1.005021476745605469e+01
1.138637924194335938e+01
1.086368751525878906e+01
1.177723121643066406e+01
8.868150711059570312e+00
7.387422084808349609e+00
4.251523613929748535e-01
1.377121508121490479e-01
5.488130450248718262e-01
5.671024322509765625e-01
5.550326347351074219e+00
6.091867446899414062e+00
6.504269599914550781e+00
8.317355155944824219e+00
1.095881843566894531e+01
1.026478767395019531e+01
1.003890132904052734e+01
8.524172782897949219e+00
7.510280132293701172e+00
4.251523613929748535e-01
4.746619760990142822e-01
6.867724061012268066e-01
4.946061670780181885e-01
6.150465965270996094e+00
8.061219215393066406e+00
8.087957382202148438e+00
1.005587577819824219e+01
9.974931716918945312e+00
1.152453041076660156e+01
1.114514827728271484e+01
8.713923454284667969e+00
7.646351814270019531e+00
4.251523613929748535e-01
5.797240734100341797e-01
9.676828980445861816e-01
4.333907961845397949e-01
6.489597797393798828e+00
8.026186943054199219e+00
8.210877418518066406e+00
1.037544441223144531e+01
9.465804100036621094e+00
1.152460956573486328e+01
1.112454319000244141e+01
8.946855545043945312e+00
7.554914951324462891e+00
4.251523613929748535e-01
5.283193588256835938e-01
1.371451497077941895e+00
5.589327812194824219e-01
6.024911880493164062e+00
6.099583625793457031e+00
7.348618030548095703e+00
1.051779651641845703e+01
1.161014652252197266e+01
1.139999675750732422e+01
1.123561859130859375e+01
8.830505371093750000e+00
8.231127738952636719e+00
4.251523613929748535e-01
3.780397474765777588e-01
6.398951411247253418e-01
7.199738621711730957e-01
5.544067382812500000e+00
6.083475589752197266e+00
6.534135341644287109e+00
9.640022277832031250e+00
1.125855350494384766e+01
1.128656482696533203e+01
1.050105857849121094e+01
7.962335109710693359e+00
8.188488960266113281e+00
4.251523613929748535e-01
1.212596178054809570e+00
1.031728982925415039e+00
4.019436359405517578e+00
5.613186836242675781e+00
5.719946384429931641e+00
5.867386341094970703e+00
8.169582366943359375e+00
6.752916812896728516e+00
9.266155242919921875e+00
9.508632659912109375e+00
7.734666824340820312e+00
8.051398277282714844e+00
4.251523613929748535e-01
6.150620579719543457e-01
5.108435750007629395e-01
1.026372671127319336e+00
4.612633705139160156e+00
7.234208583831787109e+00
6.876888751983642578e+00
1.041896152496337891e+01
1.137882041931152344e+01
1.110568046569824219e+01
1.121468639373779297e+01
8.136640548706054688e+00
7.622148990631103516e+00
4.251523613929748535e-01
3.715778291225433350e-01
1.044435262680053711e+00
3.740904927253723145e-01
5.627308845520019531e+00
6.751038074493408203e+00
7.866478443145751953e+00
1.109767627716064453e+01
1.296023464202880859e+01
1.155953788757324219e+01
1.192666053771972656e+01
8.871744155883789062e+00
8.172052383422851562e+00
4.251523613929748535e-01
2.450392544269561768e-01
1.468791127204895020e+00
8.540505170822143555e-01
5.614095687866210938e+00
6.863337516784667969e+00
7.560758113861083984e+00
1.078675365447998047e+01
1.264140033721923828e+01
1.105177116394042969e+01
1.120604705810546875e+01
8.462561607360839844e+00
7.781260490417480469e+00
4.251523613929748535e-01
5.993635654449462891e-01
1.107363820075988770e+00
3.673113882541656494e-01
5.308993816375732422e+00
6.400610446929931641e+00
6.652012348175048828e+00
9.221858024597167969e+00
1.182207012176513672e+01
1.117098999023437500e+01
1.107560062408447266e+01
8.314331054687500000e+00
7.938013076782226562e+00
4.251523613929748535e-01
8.529732823371887207e-01
5.170429348945617676e-01
3.703567385673522949e-01
5.128931522369384766e+00
6.720779418945312500e+00
7.058832645416259766e+00
1.006387996673583984e+01
1.226257324218750000e+01
1.105016136169433594e+01
1.097397994995117188e+01
8.042067527770996094e+00
8.070137977600097656e+00
4.251523613929748535e-01
4.771053791046142578e-01
4.177323877811431885e-01
1.717700213193893433e-01
5.840929985046386719e+00
8.687831878662109375e+00
8.435168266296386719e+00
1.037267208099365234e+01
1.017700004577636719e+01
1.133582592010498047e+01
1.110937023162841797e+01
8.383684158325195312e+00
7.640615940093994141e+00
4.251523613929748535e-01
3.949937224388122559e-01
4.833254218101501465e-01
7.074025273323059082e-01
6.597105979919433594e+00
7.659774303436279297e+00
7.417905807495117188e+00
9.995763778686523438e+00
1.005678176879882812e+01
1.254573440551757812e+01
1.103349685668945312e+01
9.076925277709960938e+00
7.645447731018066406e+00
4.251523613929748535e-01
5.137049555778503418e-01
5.949974656105041504e-01
4.751859605312347412e-01
5.827418327331542969e+00
7.374181270599365234e+00
7.638083934783935547e+00
1.005302619934082031e+01
1.212075424194335938e+01
1.164198398590087891e+01
1.103045845031738281e+01
8.218893051147460938e+00
7.311209201812744141e+00
4.251523613929748535e-01
4.680426716804504395e-01
5.949728488922119141e-01
1.264367341995239258e+00
6.616007804870605469e+00
7.661066055297851562e+00
8.975239753723144531e+00
1.123440265655517578e+01
1.230783557891845703e+01
1.226739883422851562e+01
1.170706748962402344e+01
9.184575080871582031e+00
7.816604137420654297e+00
4.251523613929748535e-01
2.386182695627212524e-01
9.760335683822631836e-01
1.753646135330200195e+00
6.056075096130371094e+00
8.433624267578125000e+00
9.182121276855468750e+00
1.177824306488037109e+01
1.414785575866699219e+01
1.254330730438232422e+01
1.135932254791259766e+01
8.883123397827148438e+00
7.796577453613281250e+00
4.251523613929748535e-01
4.570422768592834473e-01
5.662788748741149902e-01
1.960717916488647461e+00
5.702076911926269531e+00
7.899917602539062500e+00
8.264556884765625000e+00
1.079388713836669922e+01
1.299880027770996094e+01
1.213997173309326172e+01
1.145338153839111328e+01
9.013190269470214844e+00
8.146785736083984375e+00
4.251523613929748535e-01
5.148651003837585449e-01
7.009954452514648438e-01
3.770765066146850586e-01
6.221931457519531250e+00
7.811765670776367188e+00
8.503951072692871094e+00
1.149516296386718750e+01
1.371374511718750000e+01
1.210385131835937500e+01
1.164385986328125000e+01
8.820257186889648438e+00
7.861400127410888672e+00
4.251523613929748535e-01
4.473522007465362549e-01
6.058973670005798340e-01
1.214130401611328125e+00
6.114088058471679688e+00
8.263244628906250000e+00
8.660022735595703125e+00
1.185429000854492188e+01
1.327110671997070312e+01
1.240974521636962891e+01
1.172024726867675781e+01
8.982871055603027344e+00
7.821333408355712891e+00
4.251523613929748535e-01
5.057703256607055664e-01
9.913704991340637207e-01
6.099196672439575195e-01
6.240613937377929688e+00
7.805455207824707031e+00
8.486154556274414062e+00
1.163380336761474609e+01
1.333968639373779297e+01
1.218938350677490234e+01
1.157645416259765625e+01
9.002926826477050781e+00
8.093346595764160156e+00
4.251523613929748535e-01
5.346906185150146484e-01
7.056704163551330566e-01
6.811866164207458496e-02
6.217691421508789062e+00
7.835999488830566406e+00
8.224849700927734375e+00
1.099920368194580078e+01
1.307266998291015625e+01
1.187222671508789062e+01
1.111633682250976562e+01
8.449168205261230469e+00
7.974434375762939453e+00
4.251523613929748535e-01
5.352215170860290527e-01
8.313512206077575684e-01
6.203917264938354492e-01
6.159752845764160156e+00
8.161632537841796875e+00
8.589376449584960938e+00
1.143989658355712891e+01
1.329513645172119141e+01
1.207961750030517578e+01
1.151007556915283203e+01
8.859767913818359375e+00
7.785680294036865234e+00
4.251523613929748535e-01
4.505584537982940674e-01
7.565065622329711914e-01
1.711037397384643555e+00
6.155232429504394531e+00
7.865938663482666016e+00
8.521040916442871094e+00
1.120016288757324219e+01
1.303217792510986328e+01
1.185343742370605469e+01
1.128141212463378906e+01
8.637018203735351562e+00
7.835524082183837891e+00
4.251523613929748535e-01
4.379095137119293213e-01
7.180321216583251953e-01
3.178302943706512451e-01
5.907710552215576172e+00
8.572940826416015625e+00
8.677303314208984375e+00
1.138380527496337891e+01
1.285054492950439453e+01
1.161855411529541016e+01
1.154309463500976562e+01
9.034993171691894531e+00
8.306166648864746094e+00
4.251523613929748535e-01
3.265177607536315918e-01
5.577080845832824707e-01
3.309911489486694336e-02
5.945291042327880859e+00
7.193453311920166016e+00
7.025715351104736328e+00
9.397227287292480469e+00
1.050237464904785156e+01
1.164876079559326172e+01
1.104045772552490234e+01
8.496135711669921875e+00
7.770968914031982422e+00
4.251523613929748535e-01
4.403151571750640869e-01
8.823936581611633301e-01
3.231267035007476807e-01
6.115810394287109375e+00
7.359311103820800781e+00
7.702990055084228516e+00
1.053319549560546875e+01
1.182445049285888672e+01
1.046149063110351562e+01
1.109285163879394531e+01
8.461431503295898438e+00
8.028825759887695312e+00
4.251523613929748535e-01
4.666141271591186523e-01
1.128620386123657227e+00
4.807467162609100342e-01
5.421653270721435547e+00
4.406066417694091797e+00
4.236609935760498047e+00
5.677853584289550781e+00
7.214311122894287109e+00
8.966579437255859375e+00
9.389029502868652344e+00
6.886818885803222656e+00
7.286008834838867188e+00
4.251523613929748535e-01
3.920154571533203125e-01
1.612799912691116333e-01
1.736773550510406494e-01
6.409215927124023438e+00
6.872456550598144531e+00
7.198613643646240234e+00
9.140883445739746094e+00
1.251666641235351562e+01
1.169647979736328125e+01
1.114122962951660156e+01
8.109972953796386719e+00
8.153697013854980469e+00
4.251523613929748535e-01
6.858940720558166504e-01
9.950768947601318359e-01
8.281960487365722656e-01
6.097457408905029297e+00
8.120643615722656250e+00
8.701218605041503906e+00
1.035390949249267578e+01
1.183108901977539062e+01
1.211799049377441406e+01
1.113588523864746094e+01
8.598775863647460938e+00
8.118064880371093750e+00
4.251523613929748535e-01
7.994600534439086914e-01
2.711770057678222656e+00
3.747386693954467773e+00
5.495778560638427734e+00
8.133579254150390625e+00
7.970250606536865234e+00
9.198121070861816406e+00
8.056033134460449219e+00
1.119928932189941406e+01
8.400903701782226562e+00
7.364025115966796875e+00
6.601926803588867188e+00
4.251523613929748535e-01
5.977976322174072266e-01
1.170839548110961914e+00
8.014963865280151367e-01
5.353332042694091797e+00
6.375429630279541016e+00
6.475937843322753906e+00
9.401941299438476562e+00
1.167901325225830078e+01
1.052110767364501953e+01
1.076567077636718750e+01
8.481151580810546875e+00
7.471743583679199219e+00
4.251523613929748535e-01
2.884208261966705322e-01
1.201725453138351440e-01
1.148080945014953613e+00
7.049495220184326172e+00
6.339843750000000000e+00
8.039371490478515625e+00
7.940444469451904297e+00
8.995052337646484375e+00
1.115942955017089844e+01
1.044666194915771484e+01
7.265705108642578125e+00
7.888408660888671875e+00
4.251523613929748535e-01
6.675422191619873047e-01
6.335794925689697266e-01
7.081121206283569336e-03
5.341212272644042969e+00
6.419133186340332031e+00
6.135270595550537109e+00
8.490429878234863281e+00
1.167801761627197266e+01
1.088296699523925781e+01
1.091460132598876953e+01
7.987813472747802734e+00
7.622019767761230469e+00
4.251523613929748535e-01
4.526003003120422363e-01
1.132285833358764648e+00
5.150720477104187012e-01
5.966324329376220703e+00
6.287280082702636719e+00
7.236572742462158203e+00
9.736925125122070312e+00
1.087779521942138672e+01
9.264183044433593750e+00
1.078969097137451172e+01
8.323153495788574219e+00
7.181405067443847656e+00
4.251523613929748535e-01
5.072776675224304199e-01
4.479626119136810303e-01
6.283307075500488281e-01
6.103557109832763672e+00
6.490910053253173828e+00
6.733057975769042969e+00
8.287840843200683594e+00
9.807515144348144531e+00
9.589632034301757812e+00
1.057005023956298828e+01
7.742338657379150391e+00
7.315042495727539062e+00
4.251523613929748535e-01
6.077573299407958984e-01
1.251390695571899414e+00
4.871535003185272217e-01
6.700811862945556641e+00
5.708452701568603516e+00
6.031187534332275391e+00
9.654356956481933594e+00
1.082080745697021484e+01
1.077910423278808594e+01
1.093624591827392578e+01
7.855409622192382812e+00
7.912415027618408203e+00
4.251523613929748535e-01
4.636030197143554688e-01
8.751238584518432617e-01
6.701843738555908203e-01
5.748179912567138672e+00
5.855417728424072266e+00
5.607704162597656250e+00
8.182241439819335938e+00
8.878347396850585938e+00
1.019501304626464844e+01
1.003910827636718750e+01
8.056336402893066406e+00
7.112044334411621094e+00
4.251523613929748535e-01
5.674147605895996094e-01
1.345727324485778809e+00
4.128759503364562988e-01
6.488897800445556641e+00
7.786912918090820312e+00
7.318009376525878906e+00
1.040810012817382812e+01
9.879876136779785156e+00
1.164485549926757812e+01
1.058606624603271484e+01
8.165977478027343750e+00
7.718067646026611328e+00
4.251523613929748535e-01
4.288165271282196045e-01
3.557678163051605225e-01
7.976737022399902344e-01
5.738976001739501953e+00
7.853847980499267578e+00
7.872759819030761719e+00
1.094288444519042969e+01
9.642821311950683594e+00
1.114930057525634766e+01
1.090688228607177734e+01
8.609025955200195312e+00
8.273404121398925781e+00
4.251523613929748535e-01
6.312522292137145996e-01
4.699019193649291992e-01
1.470938920974731445e+00
5.605989933013916016e+00
7.866663932800292969e+00
8.836561203002929688e+00
1.180982494354248047e+01
1.054205036163330078e+01
1.000628185272216797e+01
1.054783153533935547e+01
8.402451515197753906e+00
7.345854759216308594e+00
4.251523613929748535e-01
3.469932377338409424e-01
5.843394398689270020e-01
5.746992826461791992e-01
5.769653797149658203e+00
6.252431392669677734e+00
5.337022304534912109e+00
7.830859661102294922e+00
9.289340019226074219e+00
9.981378555297851562e+00
1.049545955657958984e+01
7.671027660369873047e+00
7.000684738159179688e+00
4.251523613929748535e-01
