7.260311841964721680e-01
6.687231063842773438e-01
4.211633503437042236e-01
5.820701599121093750e+00
7.509621620178222656e+00
7.278447628021240234e+00
8.712388992309570312e+00
1.066290664672851562e+01
1.132953548431396484e+01
1.083005905151367188e+01
7.801724910736083984e+00
7.633203506469726562e+00
5.910972952842712402e-01
8.008894324302673340e-01
3.629664778709411621e-01
8.882777690887451172e-01
5.554205894470214844e+00
6.460559844970703125e+00
5.863677501678466797e+00
8.366929054260253906e+00
9.892004966735839844e+00
9.595072746276855469e+00
1.034636211395263672e+01
7.325217723846435547e+00
7.382555484771728516e+00
5.910972952842712402e-01
7.945342063903808594e-01
1.940452337265014648e+00
6.724023818969726562e-01
5.905902385711669922e+00
6.026933670043945312e+00
5.818609237670898438e+00
7.859986782073974609e+00
9.161582946777343750e+00
1.041348648071289062e+01
1.062028884887695312e+01
8.155196189880371094e+00
7.897913455963134766e+00
5.910972952842712402e-01
6.022396087646484375e-01
5.242599844932556152e-01
3.186628818511962891e-01
6.196368217468261719e+00
6.862074851989746094e+00
6.641343593597412109e+00
7.084076881408691406e+00
7.089428424835205078e+00
9.265160560607910156e+00
1.084670734405517578e+01
7.400002956390380859e+00
7.853442668914794922e+00
5.910972952842712402e-01
6.247937083244323730e-01
1.255029737949371338e-01
1.626874208450317383e+00
5.660630702972412109e+00
6.032068729400634766e+00
5.469462871551513672e+00
7.693223476409912109e+00
9.078648567199707031e+00
8.982590675354003906e+00
1.106074905395507812e+01
7.994246959686279297e+00
7.935656070709228516e+00
5.910972952842712402e-01
6.809743046760559082e-01
4.492016732692718506e-01
2.242981672286987305e+00
5.682252407073974609e+00
6.799487113952636719e+00
6.642962932586669922e+00
9.594882011413574219e+00
1.115511512756347656e+01
1.071625614166259766e+01
1.079480361938476562e+01
8.143097877502441406e+00
8.080004692077636719e+00
5.910972952842712402e-01
6.947737187147140503e-02
1.857520788908004761e-01
2.320558071136474609e+00
5.124502182006835938e+00
7.219059467315673828e+00
6.221530437469482422e+00
9.206871986389160156e+00
1.072102737426757812e+01
1.135633563995361328e+01
1.111089897155761719e+01
8.023728370666503906e+00
8.408156394958496094e+00
5.910972952842712402e-01
5.826395750045776367e-01
6.083239316940307617e-01
1.247894287109375000e+00
5.747493743896484375e+00
6.723192214965820312e+00
6.407308101654052734e+00
8.176703453063964844e+00
1.001451110839843750e+01
1.016375160217285156e+01
1.027452564239501953e+01
7.122585773468017578e+00
7.719611644744873047e+00
5.910972952842712402e-01
8.333806991577148438e-01
4.369449913501739502e-01
2.568689107894897461e+00
5.750114440917968750e+00
7.870645999908447266e+00
8.240478515625000000e+00
1.036075019836425781e+01
1.234084320068359375e+01
1.120514869689941406e+01
1.136021995544433594e+01
8.503581047058105469e+00
7.841795444488525391e+00
5.910972952842712402e-01
7.731702327728271484e-01
1.505563855171203613e+00
8.114570379257202148e-01
6.708366870880126953e+00
7.053548812866210938e+00
8.195961952209472656e+00
9.449535369873046875e+00
1.003525638580322266e+01
1.114109897613525391e+01
1.115898323059082031e+01
8.052681922912597656e+00
8.097678184509277344e+00
5.910972952842712402e-01
3.105783164501190186e-01
2.964546382427215576e-01
2.117010831832885742e+00
5.610326766967773438e+00
6.780902385711669922e+00
5.164773464202880859e+00
5.728344917297363281e+00
7.626923561096191406e+00
1.016039752960205078e+01
1.030460071563720703e+01
7.575967788696289062e+00
7.670080661773681641e+00
5.910972952842712402e-01
9.550454616546630859e-01
5.621435642242431641e-01
8.053859323263168335e-02
5.837913990020751953e+00
7.830358028411865234e+00
7.053119659423828125e+00
9.191880226135253906e+00
9.703156471252441406e+00
1.046796989440917969e+01
1.064054870605468750e+01
7.976023197174072266e+00
7.822175025939941406e+00
5.910972952842712402e-01
8.039585351943969727e-01
1.480860233306884766e+00
3.947036266326904297e-01
5.690524578094482422e+00
6.550476551055908203e+00
4.966631412506103516e+00
6.984117507934570312e+00
9.340521812438964844e+00
9.644755363464355469e+00
1.014579105377197266e+01
7.586735725402832031e+00
7.556280612945556641e+00
5.910972952842712402e-01
7.837458252906799316e-01
8.882555365562438965e-01
1.177559971809387207e+00
5.932100296020507812e+00
6.484742641448974609e+00
6.357149124145507812e+00
7.470935344696044922e+00
1.075333118438720703e+01
1.014337062835693359e+01
1.112777042388916016e+01
8.091868400573730469e+00
8.136209487915039062e+00
5.910972952842712402e-01
6.613166928291320801e-01
8.698639869689941406e-01
1.834624409675598145e+00
5.591970920562744141e+00
6.586143970489501953e+00
5.921947479248046875e+00
5.533778190612792969e+00
9.196588516235351562e+00
1.042126464843750000e+01
1.062459945678710938e+01
7.861679077148437500e+00
8.065924644470214844e+00
5.910972952842712402e-01
2.760128676891326904e-01
3.519597053527832031e-01
1.670828938484191895e+00
6.452723503112792969e+00
5.332715034484863281e+00
4.537442684173583984e+00
4.392003059387207031e+00
6.710341930389404297e+00
9.474446296691894531e+00
9.578188896179199219e+00
7.706037521362304688e+00
7.561258316040039062e+00
5.910972952842712402e-01
3.728702664375305176e-01
4.070961177349090576e-01
9.365038871765136719e-01
5.960136413574218750e+00
5.984286308288574219e+00
4.396398544311523438e+00
4.498332500457763672e+00
6.904572010040283203e+00
9.460344314575195312e+00
1.013364410400390625e+01
7.496473312377929688e+00
7.934129238128662109e+00
5.910972952842712402e-01
4.480560719966888428e-01
1.598686218261718750e+00
1.381883919239044189e-01
6.070023059844970703e+00
5.698737621307373047e+00
5.350346088409423828e+00
5.235138416290283203e+00
8.147692680358886719e+00
9.674080848693847656e+00
1.069513320922851562e+01
7.092955112457275391e+00
7.553761482238769531e+00
5.910972952842712402e-01
7.718693614006042480e-01
8.292264938354492188e-01
1.879841089248657227e-03
5.766870021820068359e+00
7.207946777343750000e+00
6.733591079711914062e+00
6.636600971221923828e+00
8.428652763366699219e+00
1.071715927124023438e+01
1.078870105743408203e+01
8.034395217895507812e+00
8.264925956726074219e+00
5.910972952842712402e-01
3.400301635265350342e-01
2.842556238174438477e-01
1.687890052795410156e+00
6.153630733489990234e+00
6.624655246734619141e+00
5.620417594909667969e+00
7.271119594573974609e+00
9.109259605407714844e+00
1.051638126373291016e+01
1.038727283477783203e+01
7.986906528472900391e+00
7.966114521026611328e+00
5.910972952842712402e-01
4.538353681564331055e-01
7.717564702033996582e-01
1.172973632812500000e+00
5.396415233612060547e+00
7.955030441284179688e+00
7.753688812255859375e+00
1.085303783416748047e+01
1.360836505889892578e+01
1.146068763732910156e+01
1.173910617828369141e+01
8.571198463439941406e+00
7.833608627319335938e+00
5.910972952842712402e-01
5.243381261825561523e-01
2.004426717758178711e-01
1.639883399009704590e+00
6.178559780120849609e+00
8.312563896179199219e+00
1.018219089508056641e+01
1.081368732452392578e+01
9.549948692321777344e+00
1.161571407318115234e+01
1.113364124298095703e+01
8.427698135375976562e+00
8.039981842041015625e+00
5.910972952842712402e-01
1.819358766078948975e-01
4.849615097045898438e-01
9.506707191467285156e-01
5.853995323181152344e+00
8.204289436340332031e+00
8.774470329284667969e+00
1.092255496978759766e+01
1.270882320404052734e+01
1.228400707244873047e+01
1.154255867004394531e+01
9.215223312377929688e+00
8.122187614440917969e+00
5.910972952842712402e-01
3.455038368701934814e-01
7.332319617271423340e-01
8.486304432153701782e-02
6.099977493286132812e+00
8.007024765014648438e+00
8.515135765075683594e+00
1.079686164855957031e+01
1.276500797271728516e+01
1.189913177490234375e+01
1.113389682769775391e+01
9.193429946899414062e+00
8.215666770935058594e+00
5.910972952842712402e-01
4.395725727081298828e-01
8.802165389060974121e-01
8.598126173019409180e-01
5.968131542205810547e+00
8.100545883178710938e+00
7.852196216583251953e+00
1.000320148468017578e+01
1.182550811767578125e+01
1.147840213775634766e+01
1.102610397338867188e+01
8.417337417602539062e+00
8.394968032836914062e+00
5.910972952842712402e-01
4.721767008304595947e-01
1.202098608016967773e+00
7.194843143224716187e-02
6.169187068939208984e+00
7.871201515197753906e+00
7.818509578704833984e+00
1.038140964508056641e+01
1.137205505371093750e+01
1.185716629028320312e+01
1.117588520050048828e+01
8.753542900085449219e+00
8.412590980529785156e+00
5.910972952842712402e-01
3.190486729145050049e-01
7.338502258062362671e-02
2.069446802139282227e+00
5.698821067810058594e+00
8.314355850219726562e+00
8.971612930297851562e+00
9.863449096679687500e+00
9.791505813598632812e+00
1.216542816162109375e+01
1.145357227325439453e+01
8.276596069335937500e+00
7.938642501831054688e+00
5.910972952842712402e-01
2.910125851631164551e-01
2.056242823600769043e-01
1.115488171577453613e+00
6.050546169281005859e+00
7.861455440521240234e+00
8.699447631835937500e+00
9.237748146057128906e+00
9.196729660034179688e+00
1.148579883575439453e+01
1.096757316589355469e+01
7.983455181121826172e+00
7.929871559143066406e+00
5.910972952842712402e-01
5.438416078686714172e-02
2.247832536697387695e+00
4.860841751098632812e+00
1.038646125793457031e+01
7.677675247192382812e+00
4.234101295471191406e+00
1.053589725494384766e+01
1.025157546997070312e+01
1.294839572906494141e+01
1.302425289154052734e+01
1.031161403656005859e+01
8.609776496887207031e+00
5.910972952842712402e-01
1.382903456687927246e-01
3.883431255817413330e-01
1.738181948661804199e+00
5.854395866394042969e+00
6.949388504028320312e+00
8.320014953613281250e+00
1.079440689086914062e+01
1.272908973693847656e+01
1.210370445251464844e+01
1.104437065124511719e+01
9.077189445495605469e+00
8.026087760925292969e+00
5.910972952842712402e-01
5.983573794364929199e-01
5.543578863143920898e-01
1.749599456787109375e+00
5.764602184295654297e+00
6.476642131805419922e+00
6.576152324676513672e+00
8.708251953125000000e+00
1.177894687652587891e+01
1.080764007568359375e+01
1.024225807189941406e+01
8.625565528869628906e+00
8.107676506042480469e+00
5.910972952842712402e-01
6.415389180183410645e-01
5.864664316177368164e-01
8.755311965942382812e-01
5.525184154510498047e+00
6.405006408691406250e+00
6.526664733886718750e+00
9.074919700622558594e+00
1.229843139648437500e+01
1.081438827514648438e+01
1.067856216430664062e+01
8.599979400634765625e+00
8.070473670959472656e+00
5.910972952842712402e-01
1.448187977075576782e-01
1.635402321815490723e+00
3.726217508316040039e+00
5.375833034515380859e+00
7.429019451141357422e+00
7.897566795349121094e+00
1.025098800659179688e+01
5.927306652069091797e+00
1.011108779907226562e+01
9.046624183654785156e+00
8.039839744567871094e+00
7.929354667663574219e+00
5.910972952842712402e-01
7.096676230430603027e-01
3.171188533306121826e-01
2.822597324848175049e-01
6.380999088287353516e+00
7.406871318817138672e+00
7.227895259857177734e+00
1.004564666748046875e+01
9.308898925781250000e+00
1.153997135162353516e+01
1.091687297821044922e+01
8.562092781066894531e+00
8.893142700195312500e+00
5.910972952842712402e-01
7.694244384765625000e-01
7.012760639190673828e-01
3.534734845161437988e-01
6.569037437438964844e+00
7.191161632537841797e+00
7.156367778778076172e+00
9.509868621826171875e+00
1.090244674682617188e+01
1.124888134002685547e+01
1.027775001525878906e+01
7.789224147796630859e+00
8.021319389343261719e+00
5.910972952842712402e-01
2.525628805160522461e-01
1.141209453344345093e-01
8.570295176468789577e-04
6.149070739746093750e+00
5.633641242980957031e+00
5.287164211273193359e+00
8.382209777832031250e+00
1.035659885406494141e+01
8.753622055053710938e+00
9.035717010498046875e+00
7.638561725616455078e+00
7.694634914398193359e+00
5.910972952842712402e-01
6.234233975410461426e-01
5.732241868972778320e-01
8.511155843734741211e-01
5.898640632629394531e+00
8.107158660888671875e+00
8.317101478576660156e+00
1.101893520355224609e+01
1.319871520996093750e+01
1.282039165496826172e+01
1.154004955291748047e+01
8.879827499389648438e+00
8.157082557678222656e+00
5.910972952842712402e-01
1.446143239736557007e-01
6.046497225761413574e-01
2.650015115737915039e+00
5.560678005218505859e+00
7.243900299072265625e+00
8.052973747253417969e+00
1.175310134887695312e+01
1.310099029541015625e+01
1.218862628936767578e+01
1.175581836700439453e+01
9.526891708374023438e+00
7.872882843017578125e+00
5.910972952842712402e-01
4.816205501556396484e-01
3.919457793235778809e-01
1.205423235893249512e+00
6.072645187377929688e+00
8.385426521301269531e+00
9.309507369995117188e+00
1.182267284393310547e+01
1.307131004333496094e+01
1.228963851928710938e+01
1.142296218872070312e+01
8.588419914245605469e+00
7.956800937652587891e+00
5.910972952842712402e-01
3.292482495307922363e-01
3.242318332195281982e-01
7.898398637771606445e-01
5.977007865905761719e+00
7.269679546356201172e+00
8.147985458374023438e+00
1.102056121826171875e+01
1.334736442565917969e+01
1.216934108734130859e+01
1.155739212036132812e+01
8.931124687194824219e+00
7.973007202148437500e+00
5.910972952842712402e-01
4.909049272537231445e-01
1.582749783992767334e-01
1.643458008766174316e-02
6.220637798309326172e+00
7.070331573486328125e+00
5.942717552185058594e+00
9.458223342895507812e+00
9.374350547790527344e+00
1.115612411499023438e+01
1.051823139190673828e+01
8.150655746459960938e+00
7.532260894775390625e+00
5.910972952842712402e-01
3.615520298480987549e-01
1.558106243610382080e-01
2.799269199371337891e+00
5.316607475280761719e+00
7.377492904663085938e+00
7.478625774383544922e+00
1.002095508575439453e+01
1.083422946929931641e+01
1.175509357452392578e+01
1.105812072753906250e+01
8.860416412353515625e+00
7.526578903198242188e+00
5.910972952842712402e-01
5.108501911163330078e-01
1.231593489646911621e-01
1.413331389427185059e+00
6.378108978271484375e+00
7.952747821807861328e+00
8.808527946472167969e+00
1.083546638488769531e+01
1.186858177185058594e+01
1.104999160766601562e+01
1.221817684173583984e+01
9.056172370910644531e+00
7.362293720245361328e+00
5.910972952842712402e-01
5.512753725051879883e-01
3.981190025806427002e-01
1.341311931610107422e+00
5.563044548034667969e+00
6.321348190307617188e+00
6.894522666931152344e+00
8.897481918334960938e+00
1.178135013580322266e+01
1.049595546722412109e+01
1.034383678436279297e+01
8.263833045959472656e+00
7.692669868469238281e+00
5.910972952842712402e-01
3.900092840194702148e-01
8.515323400497436523e-01
5.674824863672256470e-02
6.392112255096435547e+00
8.015000343322753906e+00
8.428356170654296875e+00
1.019875621795654297e+01
1.007913684844970703e+01
1.197724914550781250e+01
1.150488662719726562e+01
8.695094108581542969e+00
7.909886360168457031e+00
5.910972952842712402e-01
5.978291034698486328e-01
9.456082582473754883e-01
2.742992341518402100e-01
6.344488143920898438e+00
8.121821403503417969e+00
8.453125953674316406e+00
1.040782737731933594e+01
1.033308506011962891e+01
1.196309280395507812e+01
1.145368099212646484e+01
8.579135894775390625e+00
7.942060470581054688e+00
5.910972952842712402e-01
6.999440789222717285e-01
1.311488866806030273e+00
1.763810664415359497e-01
5.697392463684082031e+00
6.337902545928955078e+00
7.129939079284667969e+00
1.100677299499511719e+01
1.216411972045898438e+01
1.207523918151855469e+01
1.140086174011230469e+01
8.887364387512207031e+00
8.283013343811035156e+00
5.910972952842712402e-01
4.511216282844543457e-01
6.909725069999694824e-01
1.298433780670166016e+00
5.503164768218994141e+00
6.274721622467041016e+00
6.437871932983398438e+00
9.450070381164550781e+00
1.176147842407226562e+01
1.173079204559326172e+01
1.124420166015625000e+01
8.232715606689453125e+00
8.068429946899414062e+00
5.910972952842712402e-01
1.031413316726684570e+00
1.240614295005798340e+00
4.355883121490478516e+00
5.509561538696289062e+00
5.261633396148681641e+00
6.657198905944824219e+00
7.751277446746826172e+00
5.838122367858886719e+00
9.567924499511718750e+00
9.365958213806152344e+00
7.634218215942382812e+00
8.328417778015136719e+00
5.910972952842712402e-01
9.027467370033264160e-01
8.374012708663940430e-01
1.924728155136108398e+00
4.598433971405029297e+00
7.336031913757324219e+00
6.927633285522460938e+00
1.010465145111083984e+01
1.192651462554931641e+01
1.154544353485107422e+01
1.068786621093750000e+01
7.770555019378662109e+00
8.045681953430175781e+00
5.910972952842712402e-01
8.209451436996459961e-01
1.291989564895629883e+00
1.197520196437835693e-01
5.664258480072021484e+00
6.950347423553466797e+00
7.916502475738525391e+00
1.105521297454833984e+01
1.301010704040527344e+01
1.210460758209228516e+01
1.211732482910156250e+01
9.145097732543945312e+00
8.143468856811523438e+00
5.910972952842712402e-01
6.509734988212585449e-01
1.959786891937255859e+00
4.557108879089355469e-01
5.846099376678466797e+00
6.724560737609863281e+00
8.452684402465820312e+00
1.095703792572021484e+01
1.178547954559326172e+01
1.225097465515136719e+01
1.189916419982910156e+01
8.986581802368164062e+00
7.402365684509277344e+00
5.910972952842712402e-01
7.881361246109008789e-01
8.839525580406188965e-01
2.821135520935058594e-01
5.108201980590820312e+00
5.987812519073486328e+00
6.608329772949218750e+00
8.949953079223632812e+00
1.136396026611328125e+01
1.181007099151611328e+01
1.148387908935546875e+01
8.558598518371582031e+00
7.914926528930664062e+00
5.910972952842712402e-01
1.081924557685852051e+00
8.178289532661437988e-01
4.719989895820617676e-01
5.175614833831787109e+00
7.148252487182617188e+00
6.910008430480957031e+00
1.008410930633544922e+01
1.177771091461181641e+01
1.121800994873046875e+01
1.121691036224365234e+01
8.578086853027343750e+00
7.987526416778564453e+00
5.910972952842712402e-01
4.987582862377166748e-01
5.901173949241638184e-01
3.407859802246093750e-01
5.974588394165039062e+00
8.550641059875488281e+00
8.414247512817382812e+00
1.073486995697021484e+01
9.837898254394531250e+00
1.199354553222656250e+01
1.159144783020019531e+01
8.506593704223632812e+00
8.122981071472167969e+00
5.910972952842712402e-01
4.233212471008300781e-01
3.401700258255004883e-01
1.668956875801086426e+00
6.950801372528076172e+00
7.787827968597412109e+00
7.662388324737548828e+00
1.029682159423828125e+01
1.037409877777099609e+01
1.281457710266113281e+01
1.171063804626464844e+01
8.988637924194335938e+00
7.454475879669189453e+00
5.910972952842712402e-01
5.438402295112609863e-01
2.432619780302047729e-01
6.807041764259338379e-01
5.833518505096435547e+00
7.689352035522460938e+00
7.947784900665283203e+00
1.061799526214599609e+01
1.202299880981445312e+01
1.211848068237304688e+01
1.129436874389648438e+01
7.952952861785888672e+00
8.003577232360839844e+00
5.910972952842712402e-01
7.360717058181762695e-01
3.086104989051818848e-01
1.823073983192443848e+00
6.000143051147460938e+00
7.686001777648925781e+00
8.492714881896972656e+00
1.109723663330078125e+01
1.264769363403320312e+01
1.208589458465576172e+01
1.184640789031982422e+01
9.222023010253906250e+00
7.815467834472656250e+00
5.910972952842712402e-01
5.248239040374755859e-01
7.958255410194396973e-01
1.238323569297790527e+00
6.153133869171142578e+00
8.524108886718750000e+00
9.473377227783203125e+00
1.264093399047851562e+01
1.366239547729492188e+01
1.271521949768066406e+01
1.147691059112548828e+01
9.097290992736816406e+00
7.782499313354492188e+00
5.910972952842712402e-01
8.932262659072875977e-01
6.882256865501403809e-01
1.468282103538513184e+00
5.746826648712158203e+00
7.615080833435058594e+00
8.144514083862304688e+00
1.028800106048583984e+01
1.331710624694824219e+01
1.228426742553710938e+01
1.203202056884765625e+01
8.894418716430664062e+00
8.632502555847167969e+00
5.910972952842712402e-01
7.276664972305297852e-01
9.588986635208129883e-01
1.048939466476440430e+00
6.165301799774169922e+00
8.265101432800292969e+00
8.746861457824707031e+00
1.205269622802734375e+01
1.374197101593017578e+01
1.243231678009033203e+01
1.241520881652832031e+01
9.084012985229492188e+00
8.261830329895019531e+00
5.910972952842712402e-01
6.768695712089538574e-01
9.135465025901794434e-01
1.220020294189453125e+00
5.955800056457519531e+00
8.249135017395019531e+00
8.909252166748046875e+00
1.187046623229980469e+01
1.324959468841552734e+01
1.279689311981201172e+01
1.214169025421142578e+01
9.078053474426269531e+00
8.060971260070800781e+00
5.910972952842712402e-01
8.035002946853637695e-01
1.263347864151000977e+00
4.114353656768798828e-01
6.109590530395507812e+00
7.859106540679931641e+00
8.708594322204589844e+00
1.173202514648437500e+01
1.357882404327392578e+01
1.272569942474365234e+01
1.184863662719726562e+01
9.008697509765625000e+00
8.342611312866210938e+00
5.910972952842712402e-01
9.004023671150207520e-01
9.244111776351928711e-01
1.089138388633728027e+00
6.029336452484130859e+00
7.888487815856933594e+00
8.494739532470703125e+00
1.105463314056396484e+01
1.290112876892089844e+01
1.257307052612304688e+01
1.150510501861572266e+01
8.513652801513671875e+00
8.098553657531738281e+00
5.910972952842712402e-01
7.267208695411682129e-01
9.887164235115051270e-01
1.018816828727722168e+00
5.998298645019531250e+00
8.104522705078125000e+00
8.702085494995117188e+00
1.156209945678710938e+01
1.328882122039794922e+01
1.265415000915527344e+01
1.190066623687744141e+01
8.912429809570312500e+00
7.984044075012207031e+00
5.910972952842712402e-01
7.231689691543579102e-01
9.456132650375366211e-01
1.629766464233398438e+00
5.965084075927734375e+00
7.932669162750244141e+00
8.263558387756347656e+00
1.126359558105468750e+01
1.304157447814941406e+01
1.251408672332763672e+01
1.164382362365722656e+01
8.911631584167480469e+00
8.180229187011718750e+00
5.910972952842712402e-01
6.431096792221069336e-01
1.046679973602294922e+00
5.995146036148071289e-01
5.897160053253173828e+00
7.465132236480712891e+00
8.303964614868164062e+00
1.105657672882080078e+01
1.363229179382324219e+01
1.191049671173095703e+01
1.150845813751220703e+01
8.911306381225585938e+00
8.070785522460937500e+00
5.910972952842712402e-01
6.428449749946594238e-01
2.820116281509399414e-01
2.822024188935756683e-02
6.177228927612304688e+00
7.179357051849365234e+00
6.791238784790039062e+00
1.005654907226562500e+01
1.090449428558349609e+01
1.173326492309570312e+01
1.126850700378417969e+01
8.530209541320800781e+00
7.815532207489013672e+00
5.910972952842712402e-01
3.921998143196105957e-01
4.973207116127014160e-01
5.155167579650878906e-01
6.100199222564697266e+00
6.847083568572998047e+00
6.806610107421875000e+00
1.053598213195800781e+01
1.194683551788330078e+01
1.051974391937255859e+01
1.176730251312255859e+01
8.409990310668945312e+00
8.158280372619628906e+00
5.910972952842712402e-01
4.106801748275756836e-01
4.713215231895446777e-01
2.427003383636474609e-01
5.404462814331054688e+00
3.797947406768798828e+00
4.228579998016357422e+00
5.196831703186035156e+00
7.486845970153808594e+00
9.260698318481445312e+00
9.221428871154785156e+00
6.386176109313964844e+00
7.628223896026611328e+00
5.910972952842712402e-01
7.346149682998657227e-01
1.106063127517700195e-01
4.737582206726074219e-01
6.110352516174316406e+00
7.244751930236816406e+00
7.114171981811523438e+00
9.674958229064941406e+00
1.290262413024902344e+01
1.189587211608886719e+01
1.187334728240966797e+01
8.776635169982910156e+00
8.523905754089355469e+00
5.910972952842712402e-01
6.259540915489196777e-01
1.065003514289855957e+00
3.311246931552886963e-01
6.001503944396972656e+00
8.597469329833984375e+00
8.861989974975585938e+00
1.112209892272949219e+01
1.182757377624511719e+01
1.253726482391357422e+01
1.177458572387695312e+01
8.494896888732910156e+00
7.923781394958496094e+00
5.910972952842712402e-01
6.621681451797485352e-01
1.942382216453552246e+00
4.577158927917480469e+00
4.540743827819824219e+00
7.923540115356445312e+00
7.914882659912109375e+00
9.390365600585937500e+00
8.091898918151855469e+00
1.138931751251220703e+01
8.912403106689453125e+00
8.047523498535156250e+00
7.598385334014892578e+00
5.910972952842712402e-01
7.858206629753112793e-01
9.220418930053710938e-01
9.121456146240234375e-01
5.720695972442626953e+00
6.416598796844482422e+00
6.972706794738769531e+00
9.281057357788085938e+00
1.186867237091064453e+01
1.083924484252929688e+01
1.071579551696777344e+01
8.344084739685058594e+00
7.951822757720947266e+00
5.910972952842712402e-01
3.755244910717010498e-01
1.866363584995269775e-01
4.359228909015655518e-01
6.463847160339355469e+00
6.062626838684082031e+00
7.603244304656982422e+00
8.816843986511230469e+00
8.984028816223144531e+00
1.070240974426269531e+01
1.112679386138916016e+01
7.825559616088867188e+00
7.910056591033935547e+00
5.910972952842712402e-01
7.485231161117553711e-01
8.804540634155273438e-01
1.058935999870300293e+00
5.038274765014648438e+00
6.446450710296630859e+00
6.561810016632080078e+00
9.017347335815429688e+00
1.099757766723632812e+01
1.146335029602050781e+01
1.057588958740234375e+01
8.235178947448730469e+00
7.263379573822021484e+00
5.910972952842712402e-01
5.064145922660827637e-01
9.686195850372314453e-01
9.113366901874542236e-02
5.940141201019287109e+00
6.425728797912597656e+00
7.390716552734375000e+00
9.989737510681152344e+00
1.111293220520019531e+01
1.003386783599853516e+01
1.054513359069824219e+01
8.302422523498535156e+00
7.677459239959716797e+00
5.910972952842712402e-01
6.565767526626586914e-01
4.111503064632415771e-01
1.776044249534606934e+00
5.861955642700195312e+00
6.867123603820800781e+00
6.545101642608642578e+00
8.494049072265625000e+00
1.058626556396484375e+01
9.899284362792968750e+00
1.075167369842529297e+01
7.886995792388916016e+00
7.124717235565185547e+00
5.910972952842712402e-01
8.111657500267028809e-01
8.731637001037597656e-01
9.260737895965576172e-01
6.929453372955322266e+00
5.924640655517578125e+00
6.936173915863037109e+00
9.340195655822753906e+00
1.068837738037109375e+01
1.033826541900634766e+01
1.101410579681396484e+01
8.170143127441406250e+00
8.109651565551757812e+00
5.910972952842712402e-01
3.892101347446441650e-01
3.555253446102142334e-01
1.077353954315185547e-02
5.720656871795654297e+00
5.932144641876220703e+00
5.981373786926269531e+00
8.377434730529785156e+00
8.980568885803222656e+00
1.012639713287353516e+01
1.010993099212646484e+01
7.994352340698242188e+00
7.861058712005615234e+00
5.910972952842712402e-01
8.532528877258300781e-01
1.234009861946105957e+00
2.925346195697784424e-01
6.622186183929443359e+00
7.568455219268798828e+00
7.859457015991210938e+00
1.030283737182617188e+01
9.773556709289550781e+00
1.207309532165527344e+01
1.096775054931640625e+01
8.967170715332031250e+00
7.771135807037353516e+00
5.910972952842712402e-01
7.160286307334899902e-01
1.874777525663375854e-01
1.131132245063781738e+00
5.853317737579345703e+00
8.347853660583496094e+00
8.041167259216308594e+00
1.149094963073730469e+01
9.350840568542480469e+00
1.195066261291503906e+01
1.120972537994384766e+01
8.761587142944335938e+00
8.581957817077636719e+00
5.910972952842712402e-01
4.888459146022796631e-01
3.977225124835968018e-01
2.467190504074096680e+00
5.538492679595947266e+00
7.441860675811767578e+00
8.748013496398925781e+00
1.189258766174316406e+01
1.024699211120605469e+01
1.076999568939208984e+01
1.101063156127929688e+01
8.275406837463378906e+00
7.742103099822998047e+00
5.910972952842712402e-01
6.071102619171142578e-01
4.267276525497436523e-01
1.164736002683639526e-01
5.770300865173339844e+00
5.629175186157226562e+00
5.196769237518310547e+00
6.996311664581298828e+00
9.148906707763671875e+00
1.033124923706054688e+01
9.999463081359863281e+00
7.585698127746582031e+00
7.283129692077636719e+00
5.910972952842712402e-01
