2.618408761918544769e-02
1.978068113327026367e+00
3.203508138656616211e+00
5.521835803985595703e+00
7.220067024230957031e+00
6.663865566253662109e+00
8.749841690063476562e+00
1.015613555908203125e+01
1.065056419372558594e+01
1.039150142669677734e+01
7.665442943572998047e+00
7.719271659851074219e+00
4.124562069773674011e-02
2.975776046514511108e-02
2.486722707748413086e+00
3.447130441665649414e+00
4.557429313659667969e+00
6.016733169555664062e+00
5.607272624969482422e+00
8.367378234863281250e+00
1.002230072021484375e+01
9.433188438415527344e+00
9.775713920593261719e+00
7.310116291046142578e+00
7.320327281951904297e+00
4.124562069773674011e-02
2.717859297990798950e-02
2.351366519927978516e+00
3.077043771743774414e+00
4.967463016510009766e+00
5.754773139953613281e+00
6.093428611755371094e+00
7.832572460174560547e+00
9.334496498107910156e+00
1.018311786651611328e+01
1.067194747924804688e+01
7.874335289001464844e+00
8.026217460632324219e+00
4.124562069773674011e-02
2.834252640604972839e-02
2.540002346038818359e+00
3.176076412200927734e+00
5.081632614135742188e+00
6.247114181518554688e+00
6.410561561584472656e+00
6.029945373535156250e+00
6.691739559173583984e+00
8.966054916381835938e+00
9.939067840576171875e+00
7.499906539916992188e+00
7.538568019866943359e+00
4.124562069773674011e-02
3.630999475717544556e-02
1.988672614097595215e+00
3.321289539337158203e+00
5.359840869903564453e+00
6.126502037048339844e+00
5.509542942047119141e+00
6.986346244812011719e+00
9.201871871948242188e+00
8.663607597351074219e+00
1.039094161987304688e+01
8.003411293029785156e+00
7.948658943176269531e+00
4.124562069773674011e-02
1.951884478330612183e-02
2.835692882537841797e+00
3.875199079513549805e+00
5.643284320831298828e+00
6.443072795867919922e+00
6.565917491912841797e+00
9.181324958801269531e+00
1.078787040710449219e+01
1.060267066955566406e+01
1.064789867401123047e+01
8.092058181762695312e+00
8.000838279724121094e+00
4.124562069773674011e-02
1.004897151142358780e-02
3.396116971969604492e+00
3.609458446502685547e+00
5.197601795196533203e+00
7.248175621032714844e+00
6.481567859649658203e+00
8.499959945678710938e+00
1.006183719635009766e+01
1.034448719024658203e+01
1.042402648925781250e+01
8.018961906433105469e+00
8.143589019775390625e+00
4.124562069773674011e-02
3.599829226732254028e-02
2.174571990966796875e+00
2.794984102249145508e+00
5.181903362274169922e+00
6.752865314483642578e+00
6.872800827026367188e+00
8.147484779357910156e+00
9.973773956298828125e+00
9.559597969055175781e+00
9.898649215698242188e+00
7.427258014678955078e+00
7.576849460601806641e+00
4.124562069773674011e-02
2.092017419636249542e-02
2.319467306137084961e+00
3.280017852783203125e+00
5.799345493316650391e+00
7.694466590881347656e+00
7.940195083618164062e+00
9.956395149230957031e+00
1.221369266510009766e+01
1.095385837554931641e+01
1.088223648071289062e+01
8.340750694274902344e+00
8.359108924865722656e+00
4.124562069773674011e-02
3.345201909542083740e-02
2.283939599990844727e+00
2.774718046188354492e+00
5.339601039886474609e+00
7.248035907745361328e+00
7.837646484375000000e+00
9.142105102539062500e+00
9.584251403808593750e+00
1.103899288177490234e+01
1.091155529022216797e+01
8.255989074707031250e+00
8.067490577697753906e+00
4.124562069773674011e-02
1.064793765544891357e-02
2.548301935195922852e+00
3.413083314895629883e+00
5.584689617156982422e+00
6.340739250183105469e+00
4.609390735626220703e+00
5.164706707000732422e+00
6.630800247192382812e+00
9.886420249938964844e+00
9.677636146545410156e+00
7.276664733886718750e+00
7.721910476684570312e+00
4.124562069773674011e-02
3.058595210313796997e-02
2.160237789154052734e+00
2.812709093093872070e+00
5.895895004272460938e+00
7.479037284851074219e+00
6.395051956176757812e+00
9.116948127746582031e+00
8.879672050476074219e+00
1.024885082244873047e+01
1.053960227966308594e+01
7.954721927642822266e+00
7.534301757812500000e+00
4.124562069773674011e-02
3.555120900273323059e-02
1.890640258789062500e+00
3.023027658462524414e+00
5.372220039367675781e+00
6.034583091735839844e+00
4.918143749237060547e+00
6.555339336395263672e+00
9.163575172424316406e+00
9.636275291442871094e+00
9.708209037780761719e+00
7.448558807373046875e+00
7.610299110412597656e+00
4.124562069773674011e-02
3.378276526927947998e-02
2.175755262374877930e+00
3.210524559020996094e+00
5.383478164672851562e+00
6.540211677551269531e+00
6.169017314910888672e+00
6.938547134399414062e+00
9.871265411376953125e+00
9.727298736572265625e+00
1.066929149627685547e+01
7.911112308502197266e+00
7.927011013031005859e+00
4.124562069773674011e-02
2.425885386765003204e-02
2.919188022613525391e+00
3.796439170837402344e+00
5.490596294403076172e+00
6.384214401245117188e+00
5.236773490905761719e+00
4.996839046478271484e+00
7.994446754455566406e+00
9.294193267822265625e+00
1.015484428405761719e+01
7.859603881835937500e+00
7.768241405487060547e+00
4.124562069773674011e-02
2.116885967552661896e-02
2.421995878219604492e+00
3.117645502090454102e+00
5.404089927673339844e+00
6.081498146057128906e+00
4.478481769561767578e+00
3.843571186065673828e+00
6.214771270751953125e+00
9.242760658264160156e+00
9.432921409606933594e+00
7.370670318603515625e+00
7.472978115081787109e+00
4.124562069773674011e-02
1.938805542886257172e-02
2.334804534912109375e+00
3.369432687759399414e+00
5.315586566925048828e+00
5.616463184356689453e+00
4.007868289947509766e+00
4.227434158325195312e+00
6.051923751831054688e+00
8.499206542968750000e+00
9.572710037231445312e+00
7.404391765594482422e+00
7.627297878265380859e+00
4.124562069773674011e-02
2.082339487969875336e-02
2.569902420043945312e+00
2.986047029495239258e+00
4.978796005249023438e+00
5.795697212219238281e+00
5.826578140258789062e+00
4.288287162780761719e+00
7.667975425720214844e+00
9.647747993469238281e+00
9.823272705078125000e+00
7.479699611663818359e+00
7.631359100341796875e+00
4.124562069773674011e-02
3.299668803811073303e-02
2.035191774368286133e+00
2.866125106811523438e+00
5.066331386566162109e+00
6.706946849822998047e+00
6.368198394775390625e+00
6.388132572174072266e+00
8.095596313476562500e+00
9.948429107666015625e+00
1.102203083038330078e+01
8.280815124511718750e+00
8.362826347351074219e+00
4.124562069773674011e-02
1.300666294991970062e-02
2.740541219711303711e+00
3.561112642288208008e+00
5.367590427398681641e+00
6.474812030792236328e+00
4.852360725402832031e+00
6.557957649230957031e+00
8.379325866699218750e+00
9.800621032714843750e+00
1.021538734436035156e+01
8.203555107116699219e+00
7.342353343963623047e+00
4.124562069773674011e-02
2.344235032796859741e-02
2.224388599395751953e+00
3.292000532150268555e+00
5.803351879119873047e+00
7.729860782623291016e+00
7.011525154113769531e+00
1.007336902618408203e+01
1.288782596588134766e+01
1.124845218658447266e+01
1.185363388061523438e+01
8.726317405700683594e+00
8.045797348022460938e+00
4.124562069773674011e-02
2.165293879806995392e-02
2.685214042663574219e+00
3.343617916107177734e+00
5.261043071746826172e+00
8.166178703308105469e+00
9.611017227172851562e+00
1.025801372528076172e+01
9.029719352722167969e+00
1.168592453002929688e+01
1.054727458953857422e+01
7.762012004852294922e+00
8.071628570556640625e+00
4.124562069773674011e-02
9.615276008844375610e-03
2.847600221633911133e+00
3.634930372238159180e+00
5.803281307220458984e+00
7.554369449615478516e+00
8.228264808654785156e+00
1.040753936767578125e+01
1.191598701477050781e+01
1.203096485137939453e+01
1.112843418121337891e+01
8.488761901855468750e+00
8.103507041931152344e+00
4.124562069773674011e-02
1.846474967896938324e-02
2.372748613357543945e+00
3.486846446990966797e+00
5.645470619201660156e+00
7.703515052795410156e+00
8.128780364990234375e+00
1.103229713439941406e+01
1.232809829711914062e+01
1.189494323730468750e+01
1.112112522125244141e+01
8.415622711181640625e+00
7.922167778015136719e+00
4.124562069773674011e-02
2.209469676017761230e-02
2.411165952682495117e+00
3.271429538726806641e+00
5.767699718475341797e+00
8.093340873718261719e+00
7.369630336761474609e+00
1.053207302093505859e+01
1.187462329864501953e+01
1.123186492919921875e+01
1.071356773376464844e+01
8.140859603881835938e+00
7.701839923858642578e+00
4.124562069773674011e-02
2.338932454586029053e-02
2.414753437042236328e+00
2.981814861297607422e+00
6.014879226684570312e+00
7.973991870880126953e+00
7.731443881988525391e+00
1.084327316284179688e+01
1.146528434753417969e+01
1.173404788970947266e+01
1.144764900207519531e+01
8.564266204833984375e+00
8.170381546020507812e+00
4.124562069773674011e-02
1.519933156669139862e-02
2.340756177902221680e+00
3.542890310287475586e+00
5.707570552825927734e+00
8.083634376525878906e+00
9.174285888671875000e+00
9.836557388305664062e+00
9.253064155578613281e+00
1.164055347442626953e+01
1.099911689758300781e+01
8.291666984558105469e+00
8.226702690124511719e+00
4.124562069773674011e-02
1.335309538990259171e-02
2.523809432983398438e+00
3.586986780166625977e+00
5.887439250946044922e+00
7.567282676696777344e+00
8.954824447631835938e+00
8.841427803039550781e+00
8.537576675415039062e+00
1.113810539245605469e+01
1.078678703308105469e+01
8.135764122009277344e+00
7.984522819519042969e+00
4.124562069773674011e-02
6.525561213493347168e-02
2.808691700920462608e-03
2.275839805603027344e+00
7.156593322753906250e+00
8.565957069396972656e+00
8.631231307983398438e+00
1.071223354339599609e+01
1.075894927978515625e+01
1.373550128936767578e+01
1.320078372955322266e+01
9.811800003051757812e+00
9.200947761535644531e+00
4.124562069773674011e-02
1.295190025120973587e-02
2.357120752334594727e+00
3.132497072219848633e+00
5.219849109649658203e+00
6.255753040313720703e+00
7.567912101745605469e+00
1.012698936462402344e+01
1.270572471618652344e+01
1.127693367004394531e+01
1.067755794525146484e+01
8.522569656372070312e+00
8.013373374938964844e+00
4.124562069773674011e-02
2.237676642835140228e-02
2.065865039825439453e+00
3.317915678024291992e+00
4.973100185394287109e+00
6.301254749298095703e+00
6.283836364746093750e+00
8.647397041320800781e+00
1.148802757263183594e+01
1.056583881378173828e+01
1.068073368072509766e+01
8.263463973999023438e+00
7.783410549163818359e+00
4.124562069773674011e-02
2.880475297570228577e-02
2.301492929458618164e+00
3.355704307556152344e+00
5.024044990539550781e+00
6.690071105957031250e+00
6.742278575897216797e+00
8.859961509704589844e+00
1.166264343261718750e+01
1.066286945343017578e+01
1.043582820892333984e+01
8.333611488342285156e+00
7.748607158660888672e+00
4.124562069773674011e-02
6.403574347496032715e-02
3.456771135330200195e+00
4.384968280792236328e+00
5.808209896087646484e+00
7.460140228271484375e+00
7.581535339355468750e+00
1.085820579528808594e+01
1.187725639343261719e+01
9.643615722656250000e+00
9.875292778015136719e+00
7.484113216400146484e+00
7.317064762115478516e+00
4.124562069773674011e-02
2.903925441205501556e-02
2.661679506301879883e+00
3.102775096893310547e+00
5.880923271179199219e+00
7.205722332000732422e+00
6.734279632568359375e+00
9.561317443847656250e+00
8.736035346984863281e+00
1.076485538482666016e+01
1.124783992767333984e+01
8.718585968017578125e+00
8.175951957702636719e+00
4.124562069773674011e-02
3.129968047142028809e-02
2.121636390686035156e+00
2.630720853805541992e+00
5.240429878234863281e+00
7.324966430664062500e+00
7.117393493652343750e+00
9.986526489257812500e+00
1.115638256072998047e+01
1.085122585296630859e+01
1.058609104156494141e+01
8.195625305175781250e+00
7.933116912841796875e+00
4.124562069773674011e-02
2.031882479786872864e-02
2.489289522171020508e+00
3.643844842910766602e+00
4.589498043060302734e+00
5.905707359313964844e+00
5.494382381439208984e+00
8.010709762573242188e+00
9.912322998046875000e+00
7.996848106384277344e+00
9.542673110961914062e+00
7.252762794494628906e+00
7.445359706878662109e+00
4.124562069773674011e-02
1.819006726145744324e-02
2.191284179687500000e+00
3.441289663314819336e+00
6.142091274261474609e+00
7.905643939971923828e+00
8.856695175170898438e+00
1.109436130523681641e+01
1.264908313751220703e+01
1.224199104309082031e+01
1.112446117401123047e+01
8.396471023559570312e+00
7.822414398193359375e+00
4.124562069773674011e-02
2.106804959475994110e-02
2.623245000839233398e+00
3.513087511062622070e+00
5.711752891540527344e+00
6.935936927795410156e+00
8.364140510559082031e+00
1.158614540100097656e+01
1.225367069244384766e+01
1.151128196716308594e+01
1.109187412261962891e+01
8.529747962951660156e+00
8.153831481933593750e+00
4.124562069773674011e-02
2.424324862658977509e-02
2.202154159545898438e+00
3.432027339935302734e+00
5.915567398071289062e+00
8.061800003051757812e+00
8.552459716796875000e+00
1.127545642852783203e+01
1.257952117919921875e+01
1.228989028930664062e+01
1.163834571838378906e+01
8.763178825378417969e+00
7.648731231689453125e+00
4.124562069773674011e-02
2.147112600505352020e-02
2.212543487548828125e+00
3.372080802917480469e+00
5.831111431121826172e+00
7.568219184875488281e+00
7.845332622528076172e+00
1.056147670745849609e+01
1.309443950653076172e+01
1.162884616851806641e+01
1.156658840179443359e+01
8.796386718750000000e+00
7.546064853668212891e+00
4.124562069773674011e-02
2.847785316407680511e-02
1.926653742790222168e+00
2.657040119171142578e+00
5.110717296600341797e+00
7.115029811859130859e+00
6.243943214416503906e+00
8.415742874145507812e+00
9.068263053894042969e+00
1.072006988525390625e+01
1.045641040802001953e+01
7.706795692443847656e+00
7.435000896453857422e+00
4.124562069773674011e-02
1.465763989835977554e-02
1.863042473793029785e+00
2.729315519332885742e+00
5.978346824645996094e+00
7.531465530395507812e+00
7.136334896087646484e+00
1.002172374725341797e+01
1.132666683197021484e+01
1.168457412719726562e+01
1.060593605041503906e+01
8.409028053283691406e+00
7.510945796966552734e+00
4.124562069773674011e-02
1.623102277517318726e-02
1.865786433219909668e+00
3.493776559829711914e+00
5.548400878906250000e+00
7.811654090881347656e+00
7.986429691314697266e+00
9.972316741943359375e+00
1.138355350494384766e+01
1.061306476593017578e+01
1.120930290222167969e+01
8.424150466918945312e+00
7.686714649200439453e+00
4.124562069773674011e-02
2.866234257817268372e-02
2.324424266815185547e+00
3.189944028854370117e+00
4.992074012756347656e+00
5.984678268432617188e+00
6.677198886871337891e+00
8.389348030090332031e+00
1.178264808654785156e+01
1.053449821472167969e+01
1.030312347412109375e+01
8.270853042602539062e+00
7.380678176879882812e+00
4.124562069773674011e-02
1.717910915613174438e-02
2.197562217712402344e+00
2.949745893478393555e+00
6.123589038848876953e+00
7.662576675415039062e+00
7.911578178405761719e+00
9.891799926757812500e+00
9.166946411132812500e+00
1.146450138092041016e+01
1.102836799621582031e+01
8.551102638244628906e+00
7.838326454162597656e+00
4.124562069773674011e-02
2.240630984306335449e-02
2.052441596984863281e+00
2.997496366500854492e+00
5.775009155273437500e+00
7.677120208740234375e+00
8.062181472778320312e+00
1.040812587738037109e+01
9.581166267395019531e+00
1.169365596771240234e+01
1.090411853790283203e+01
8.562273025512695312e+00
7.600445270538330078e+00
4.124562069773674011e-02
3.824704512953758240e-02
2.031240701675415039e+00
3.144970417022705078e+00
5.322859764099121094e+00
6.324360370635986328e+00
7.219282150268554688e+00
1.089397811889648438e+01
1.214212417602539062e+01
1.152054595947265625e+01
1.148662090301513672e+01
8.877291679382324219e+00
8.200480461120605469e+00
4.124562069773674011e-02
3.020868077874183655e-02
2.409866094589233398e+00
3.523185968399047852e+00
4.966923236846923828e+00
5.988264083862304688e+00
6.380546092987060547e+00
9.547509193420410156e+00
1.187081718444824219e+01
1.095980167388916016e+01
1.036518192291259766e+01
8.138438224792480469e+00
7.955744266510009766e+00
4.124562069773674011e-02
3.605639636516571045e-01
3.215451002120971680e+00
4.325402259826660156e+00
4.905241012573242188e+00
5.367204189300537109e+00
7.017809867858886719e+00
7.866410255432128906e+00
1.053415775299072266e+01
9.688703536987304688e+00
9.671044349670410156e+00
7.855362415313720703e+00
8.011505126953125000e+00
4.124562069773674011e-02
2.365852706134319305e-02
2.511100053787231445e+00
3.771362781524658203e+00
5.214129447937011719e+00
7.469142913818359375e+00
7.381414890289306641e+00
1.026383495330810547e+01
1.143447685241699219e+01
1.105866718292236328e+01
1.046766185760498047e+01
8.311422348022460938e+00
7.685066699981689453e+00
4.124562069773674011e-02
3.578935191035270691e-02
1.597818017005920410e+00
3.162360429763793945e+00
5.438987255096435547e+00
6.101592063903808594e+00
7.566210269927978516e+00
1.084675025939941406e+01
1.254905986785888672e+01
1.145262050628662109e+01
1.171442127227783203e+01
9.142886161804199219e+00
8.117187500000000000e+00
4.124562069773674011e-02
3.045815043151378632e-02
1.970070242881774902e+00
3.022092580795288086e+00
4.991726875305175781e+00
6.966048717498779297e+00
7.796245574951171875e+00
1.155883407592773438e+01
1.204811668395996094e+01
1.157835769653320312e+01
1.163337612152099609e+01
8.338405609130859375e+00
8.098788261413574219e+00
4.124562069773674011e-02
2.993163093924522400e-02
2.255309104919433594e+00
3.087744474411010742e+00
4.957668781280517578e+00
5.660758495330810547e+00
6.169533729553222656e+00
8.178256034851074219e+00
1.077204895019531250e+01
1.122420406341552734e+01
1.070783233642578125e+01
8.332018852233886719e+00
7.537587642669677734e+00
4.124562069773674011e-02
3.231222927570343018e-02
2.193931818008422852e+00
3.445569753646850586e+00
5.041697502136230469e+00
6.393077373504638672e+00
6.524642467498779297e+00
9.657136917114257812e+00
1.167465019226074219e+01
1.121061897277832031e+01
1.069264316558837891e+01
8.523095130920410156e+00
7.483454227447509766e+00
4.124562069773674011e-02
2.194401249289512634e-02
2.500612020492553711e+00
3.216083526611328125e+00
6.096625328063964844e+00
8.380661964416503906e+00
8.499434471130371094e+00
1.031667041778564453e+01
9.211239814758300781e+00
1.160618591308593750e+01
1.128920364379882812e+01
8.823371887207031250e+00
8.027946472167968750e+00
4.124562069773674011e-02
1.834956184029579163e-02
2.835927724838256836e+00
3.507708311080932617e+00
6.118480205535888672e+00
8.178266525268554688e+00
7.822959423065185547e+00
9.826864242553710938e+00
9.925311088562011719e+00
1.208741855621337891e+01
1.077686882019042969e+01
8.560500144958496094e+00
8.129091262817382812e+00
4.124562069773674011e-02
2.623047493398189545e-02
1.835275053977966309e+00
2.799591541290283203e+00
5.325086116790771484e+00
6.904471874237060547e+00
7.441493988037109375e+00
1.045429229736328125e+01
1.255134773254394531e+01
1.176104736328125000e+01
1.067009735107421875e+01
8.010277748107910156e+00
7.720482826232910156e+00
4.124562069773674011e-02
2.724759280681610107e-02
2.289211750030517578e+00
3.701985597610473633e+00
5.883698463439941406e+00
7.305246829986572266e+00
8.331594467163085938e+00
1.115238380432128906e+01
1.276320171356201172e+01
1.225227642059326172e+01
1.117805290222167969e+01
8.661958694458007812e+00
7.987438201904296875e+00
4.124562069773674011e-02
3.004988282918930054e-02
2.256314039230346680e+00
3.372977733612060547e+00
5.818314075469970703e+00
8.371833801269531250e+00
9.166136741638183594e+00
1.183921527862548828e+01
1.359302139282226562e+01
1.224291801452636719e+01
1.108515071868896484e+01
8.717313766479492188e+00
7.869768619537353516e+00
4.124562069773674011e-02
2.449221163988113403e-02
2.054323434829711914e+00
3.501202106475830078e+00
5.901448249816894531e+00
7.708158969879150391e+00
8.399130821228027344e+00
1.079985904693603516e+01
1.310821533203125000e+01
1.207386302947998047e+01
1.180214405059814453e+01
8.794975280761718750e+00
7.950580120086669922e+00
4.124562069773674011e-02
2.914250083267688751e-02
1.976566672325134277e+00
3.271582603454589844e+00
5.923439502716064453e+00
8.167886734008789062e+00
8.433646202087402344e+00
1.121332263946533203e+01
1.341086769104003906e+01
1.216574764251708984e+01
1.175478363037109375e+01
8.840330123901367188e+00
7.994258403778076172e+00
4.124562069773674011e-02
2.874548919498920441e-02
2.184740781784057617e+00
3.126689910888671875e+00
5.866495609283447266e+00
8.067357063293457031e+00
8.608625411987304688e+00
1.123683834075927734e+01
1.302541637420654297e+01
1.246035385131835938e+01
1.152558040618896484e+01
8.884204864501953125e+00
8.079160690307617188e+00
4.124562069773674011e-02
3.467782586812973022e-02
1.552177667617797852e+00
3.014384746551513672e+00
5.765748023986816406e+00
8.048861503601074219e+00
8.488059997558593750e+00
1.143361091613769531e+01
1.317262458801269531e+01
1.225536441802978516e+01
1.149715805053710938e+01
8.891483306884765625e+00
7.947420597076416016e+00
4.124562069773674011e-02
3.209155425429344177e-02
1.965825080871582031e+00
3.094419240951538086e+00
5.752652168273925781e+00
7.967089176177978516e+00
8.440726280212402344e+00
1.054658794403076172e+01
1.248958206176757812e+01
1.164243412017822266e+01
1.118781089782714844e+01
8.558526992797851562e+00
8.050228118896484375e+00
4.124562069773674011e-02
3.073369897902011871e-02
1.970184445381164551e+00
3.143860578536987305e+00
5.861107349395751953e+00
8.019104957580566406e+00
8.390172958374023438e+00
1.104171562194824219e+01
1.301029300689697266e+01
1.211715602874755859e+01
1.153198051452636719e+01
8.842711448669433594e+00
7.986261844635009766e+00
4.124562069773674011e-02
3.113127127289772034e-02
2.101848363876342773e+00
3.403793573379516602e+00
5.774297237396240234e+00
7.988113880157470703e+00
8.211939811706542969e+00
1.122809791564941406e+01
1.293305587768554688e+01
1.175633716583251953e+01
1.114361286163330078e+01
8.516199111938476562e+00
7.735562324523925781e+00
4.124562069773674011e-02
2.916768565773963928e-02
2.019093751907348633e+00
3.503895282745361328e+00
5.940075397491455078e+00
7.981897354125976562e+00
7.769536495208740234e+00
1.094586467742919922e+01
1.280161762237548828e+01
1.143992042541503906e+01
1.168503570556640625e+01
9.108898162841796875e+00
7.916007041931152344e+00
4.124562069773674011e-02
2.197136543691158295e-02
2.202721595764160156e+00
3.204301357269287109e+00
5.816443920135498047e+00
7.498966217041015625e+00
6.601721286773681641e+00
9.580269813537597656e+00
9.702805519104003906e+00
1.162914466857910156e+01
1.084594440460205078e+01
8.183838844299316406e+00
7.552911758422851562e+00
4.124562069773674011e-02
2.884763479232788086e-02
2.361255645751953125e+00
2.444816350936889648e+00
4.910405158996582031e+00
7.436741828918457031e+00
6.740265369415283203e+00
1.035626220703125000e+01
1.151422214508056641e+01
1.043373870849609375e+01
1.079751968383789062e+01
7.908071517944335938e+00
7.772350788116455078e+00
4.124562069773674011e-02
3.204542398452758789e-02
2.020037889480590820e+00
2.519767761230468750e+00
4.028309822082519531e+00
4.093932151794433594e+00
3.624339818954467773e+00
5.467211723327636719e+00
7.419838428497314453e+00
8.682737350463867188e+00
9.252563476562500000e+00
7.069602489471435547e+00
7.595701217651367188e+00
4.124562069773674011e-02
2.123514004051685333e-02
2.131948947906494141e+00
3.276412963867187500e+00
5.279868125915527344e+00
6.786125183105468750e+00
7.156684398651123047e+00
9.498711585998535156e+00
1.246988105773925781e+01
1.195902061462402344e+01
1.133339691162109375e+01
8.326862335205078125e+00
7.912293910980224609e+00
4.124562069773674011e-02
3.050648421049118042e-02
2.080795526504516602e+00
3.229672193527221680e+00
5.904008865356445312e+00
8.052627563476562500e+00
8.760025978088378906e+00
1.083825969696044922e+01
1.223372745513916016e+01
1.190278720855712891e+01
1.158008193969726562e+01
8.359988212585449219e+00
7.674532413482666016e+00
4.124562069773674011e-02
9.089323282241821289e-01
3.895822286605834961e+00
4.319355964660644531e+00
6.045183658599853516e+00
7.633909225463867188e+00
7.873034000396728516e+00
9.110987663269042969e+00
7.859784126281738281e+00
1.067717933654785156e+01
9.349178314208984375e+00
7.848283767700195312e+00
7.540323734283447266e+00
4.124562069773674011e-02
1.919076964259147644e-02
1.775571465492248535e+00
3.287563323974609375e+00
4.707183361053466797e+00
6.432024002075195312e+00
6.979497432708740234e+00
9.363491058349609375e+00
1.158277130126953125e+01
1.076145553588867188e+01
1.047506523132324219e+01
8.761830329895019531e+00
7.805694580078125000e+00
4.124562069773674011e-02
2.196677215397357941e-02
2.083211898803710938e+00
2.615067005157470703e+00
4.606631755828857422e+00
6.477097988128662109e+00
7.567702293395996094e+00
7.600847721099853516e+00
8.984460830688476562e+00
1.083891391754150391e+01
1.036263942718505859e+01
7.234791755676269531e+00
7.334951877593994141e+00
4.124562069773674011e-02
3.281402215361595154e-02
2.050465106964111328e+00
3.005545139312744141e+00
4.730453014373779297e+00
6.432811737060546875e+00
6.332160949707031250e+00
8.086925506591796875e+00
1.100534820556640625e+01
1.039296054840087891e+01
1.050678062438964844e+01
8.133373260498046875e+00
7.151519775390625000e+00
4.124562069773674011e-02
1.706671528518199921e-02
2.016787052154541016e+00
2.748707532882690430e+00
5.327389240264892578e+00
6.930752754211425781e+00
7.215247631072998047e+00
9.773122787475585938e+00
1.093548870086669922e+01
1.000447750091552734e+01
1.023164844512939453e+01
8.257540702819824219e+00
7.179053306579589844e+00
4.124562069773674011e-02
1.793856360018253326e-02
2.389366388320922852e+00
3.284665584564208984e+00
5.102604389190673828e+00
6.394763946533203125e+00
6.493821144104003906e+00
8.804592132568359375e+00
1.028346347808837891e+01
9.037996292114257812e+00
1.024133396148681641e+01
7.985981941223144531e+00
7.339872360229492188e+00
4.124562069773674011e-02
2.233356423676013947e-02
2.156749010086059570e+00
2.973383665084838867e+00
5.201941967010498047e+00
6.235735893249511719e+00
6.103446006774902344e+00
9.154047966003417969e+00
1.031177711486816406e+01
1.017469215393066406e+01
1.103353023529052734e+01
8.435873031616210938e+00
8.141405105590820312e+00
4.124562069773674011e-02
2.203698456287384033e-02
2.432665824890136719e+00
3.183836936950683594e+00
5.077100276947021484e+00
5.855112552642822266e+00
5.882101535797119141e+00
8.143342971801757812e+00
8.461568832397460938e+00
1.026152420043945312e+01
1.018174743652343750e+01
7.943209648132324219e+00
7.544310569763183594e+00
4.124562069773674011e-02
2.974776737391948700e-02
1.751650810241699219e+00
2.739726305007934570e+00
5.635050773620605469e+00
7.569931983947753906e+00
7.442540168762207031e+00
1.030139732360839844e+01
9.560265541076660156e+00
1.183293247222900391e+01
1.090224552154541016e+01
8.488240242004394531e+00
7.795748710632324219e+00
4.124562069773674011e-02
2.572191506624221802e-02
2.141942024230957031e+00
3.559702396392822266e+00
5.687612533569335938e+00
8.132804870605468750e+00
7.735406398773193359e+00
1.072477054595947266e+01
8.282094955444335938e+00
1.153015422821044922e+01
1.156609535217285156e+01
8.522085189819335938e+00
8.116354942321777344e+00
4.124562069773674011e-02
2.592456527054309845e-02
2.329962491989135742e+00
3.608201503753662109e+00
4.888588905334472656e+00
7.565283775329589844e+00
9.321419715881347656e+00
1.197492027282714844e+01
9.420702934265136719e+00
1.009368801116943359e+01
1.034632301330566406e+01
7.979479312896728516e+00
7.989069461822509766e+00
4.124562069773674011e-02
2.209734171628952026e-02
1.820956110954284668e+00
2.105178833007812500e+00
4.107525348663330078e+00
5.693012237548828125e+00
5.243968486785888672e+00
7.370692253112792969e+00
9.785263061523437500e+00
1.005215358734130859e+01
9.737581253051757812e+00
7.365804672241210938e+00
7.157558917999267578e+00
4.124562069773674011e-02
