1.290112286806106567e-01
1.664076447486877441e+00
3.144246101379394531e+00
5.243858337402343750e+00
7.021830558776855469e+00
6.658642292022705078e+00
8.799985885620117188e+00
1.071080207824707031e+01
1.058361721038818359e+01
1.046938705444335938e+01
7.844709873199462891e+00
7.662737369537353516e+00
2.635784149169921875e-01
1.730302125215530396e-01
1.819499254226684570e+00
3.201420783996582031e+00
4.621209144592285156e+00
6.142741680145263672e+00
5.781407833099365234e+00
8.346558570861816406e+00
1.015553951263427734e+01
9.638382911682128906e+00
9.639310836791992188e+00
7.531211376190185547e+00
7.486827850341796875e+00
2.635784149169921875e-01
1.421604901552200317e-01
1.388927102088928223e+00
2.896351337432861328e+00
4.741346359252929688e+00
6.243013858795166016e+00
5.886296749114990234e+00
8.359623908996582031e+00
9.377974510192871094e+00
1.015884017944335938e+01
1.043261337280273438e+01
7.515488624572753906e+00
7.846176624298095703e+00
2.635784149169921875e-01
1.586896479129791260e-01
2.050625324249267578e+00
2.923519134521484375e+00
5.392549991607666016e+00
6.857355594635009766e+00
6.772689819335937500e+00
6.156209945678710938e+00
7.292724609375000000e+00
8.822504043579101562e+00
1.025419712066650391e+01
7.232934474945068359e+00
7.805421352386474609e+00
2.635784149169921875e-01
1.878302097320556641e-01
1.910505414009094238e+00
3.317210674285888672e+00
5.153860092163085938e+00
5.942139625549316406e+00
5.661611080169677734e+00
7.829359054565429688e+00
9.616625785827636719e+00
9.312989234924316406e+00
1.045363903045654297e+01
7.830256938934326172e+00
7.737565040588378906e+00
2.635784149169921875e-01
1.327554136514663696e-01
2.116719245910644531e+00
3.608082771301269531e+00
5.348177909851074219e+00
6.557061195373535156e+00
6.862605094909667969e+00
9.217426300048828125e+00
1.055640411376953125e+01
1.124952030181884766e+01
1.069642925262451172e+01
8.049979209899902344e+00
8.262140274047851562e+00
2.635784149169921875e-01
6.257396191358566284e-02
3.374861717224121094e+00
3.633435249328613281e+00
6.121687412261962891e+00
7.569545745849609375e+00
6.692355632781982422e+00
8.602516174316406250e+00
1.050834083557128906e+01
1.094974994659423828e+01
1.071923828125000000e+01
7.888977050781250000e+00
8.224428176879882812e+00
2.635784149169921875e-01
1.385774463415145874e-01
2.158668041229248047e+00
2.979260921478271484e+00
5.255043506622314453e+00
6.863721847534179688e+00
6.956271171569824219e+00
7.520265579223632812e+00
9.936422348022460938e+00
9.887346267700195312e+00
1.001155567169189453e+01
7.965221881866455078e+00
7.613425254821777344e+00
2.635784149169921875e-01
1.564281880855560303e-01
2.128569841384887695e+00
3.455101490020751953e+00
5.179037570953369141e+00
7.807176589965820312e+00
7.617304801940917969e+00
1.017475605010986328e+01
1.229367065429687500e+01
1.107010936737060547e+01
1.111171531677246094e+01
8.457870483398437500e+00
8.220172882080078125e+00
2.635784149169921875e-01
1.813576519489288330e-01
6.822020411491394043e-01
2.681930065155029297e+00
5.517776489257812500e+00
7.280041217803955078e+00
8.126255989074707031e+00
9.131066322326660156e+00
9.706883430480957031e+00
1.089426517486572266e+01
1.109872913360595703e+01
8.858201980590820312e+00
7.963060379028320312e+00
2.635784149169921875e-01
1.027446985244750977e-01
2.646472454071044922e+00
3.387008666992187500e+00
5.817430019378662109e+00
6.237477779388427734e+00
5.039208412170410156e+00
5.755787849426269531e+00
7.275691032409667969e+00
1.019534397125244141e+01
1.003621101379394531e+01
7.099686145782470703e+00
7.803271770477294922e+00
2.635784149169921875e-01
1.608875095844268799e-01
1.256235480308532715e+00
2.952984809875488281e+00
5.680387973785400391e+00
7.610954284667968750e+00
6.614784240722656250e+00
9.085942268371582031e+00
9.660682678222656250e+00
1.034861946105957031e+01
1.066488265991210938e+01
8.156746864318847656e+00
7.682411670684814453e+00
2.635784149169921875e-01
2.272937744855880737e-01
7.970536947250366211e-01
2.602410316467285156e+00
5.200137138366699219e+00
6.446024417877197266e+00
4.865529537200927734e+00
6.080104827880859375e+00
8.723226547241210938e+00
9.939538002014160156e+00
1.025672721862792969e+01
7.705391407012939453e+00
7.721574783325195312e+00
2.635784149169921875e-01
1.697946637868881226e-01
1.604409456253051758e+00
2.959414958953857422e+00
5.071542263031005859e+00
6.824443817138671875e+00
6.256952285766601562e+00
6.855405330657958984e+00
9.478020668029785156e+00
1.012445831298828125e+01
1.082226943969726562e+01
8.079091072082519531e+00
7.918292999267578125e+00
2.635784149169921875e-01
1.648890972137451172e-01
2.376230478286743164e+00
3.340093612670898438e+00
5.689081668853759766e+00
6.574811935424804688e+00
5.456538677215576172e+00
5.279646396636962891e+00
7.977676391601562500e+00
9.739591598510742188e+00
1.017359638214111328e+01
7.494420051574707031e+00
7.636200904846191406e+00
2.635784149169921875e-01
1.232402250170707703e-01
2.051251411437988281e+00
3.569596767425537109e+00
5.176622867584228516e+00
5.975397109985351562e+00
4.627045631408691406e+00
4.914834022521972656e+00
6.848635673522949219e+00
9.365055084228515625e+00
9.618076324462890625e+00
7.488556861877441406e+00
7.905224800109863281e+00
2.635784149169921875e-01
1.085982695221900940e-01
2.085975170135498047e+00
2.853493213653564453e+00
5.322981357574462891e+00
5.450678825378417969e+00
4.139563560485839844e+00
4.153226852416992188e+00
6.410348415374755859e+00
8.521698951721191406e+00
1.004959011077880859e+01
7.605177879333496094e+00
7.662644863128662109e+00
2.635784149169921875e-01
1.281143277883529663e-01
1.186586022377014160e+00
3.151367664337158203e+00
5.526162624359130859e+00
6.340444564819335938e+00
5.784987926483154297e+00
4.555080413818359375e+00
8.077905654907226562e+00
9.151428222656250000e+00
1.021847438812255859e+01
7.156285285949707031e+00
7.668031692504882812e+00
2.635784149169921875e-01
1.906425952911376953e-01
1.774792432785034180e+00
3.107109069824218750e+00
5.580059528350830078e+00
6.788066387176513672e+00
6.296753406524658203e+00
6.197911262512207031e+00
8.179323196411132812e+00
9.915465354919433594e+00
1.103103351593017578e+01
7.994548320770263672e+00
8.133069038391113281e+00
2.635784149169921875e-01
8.562524616718292236e-02
2.762256622314453125e+00
3.616992473602294922e+00
6.021477699279785156e+00
6.134630203247070312e+00
5.209904193878173828e+00
7.085799217224121094e+00
8.951306343078613281e+00
1.016708278656005859e+01
1.032037258148193359e+01
8.421845436096191406e+00
7.742737293243408203e+00
2.635784149169921875e-01
1.038931384682655334e-01
2.179888248443603516e+00
3.772974014282226562e+00
6.058207511901855469e+00
8.049798011779785156e+00
6.649676799774169922e+00
1.030955982208251953e+01
1.217612266540527344e+01
1.103571701049804688e+01
1.167712593078613281e+01
8.814251899719238281e+00
7.948698043823242188e+00
2.635784149169921875e-01
1.192352101206779480e-01
2.441390514373779297e+00
3.201569557189941406e+00
4.960220336914062500e+00
7.761453151702880859e+00
9.562104225158691406e+00
1.069659233093261719e+01
9.226446151733398438e+00
1.189400482177734375e+01
1.057059288024902344e+01
7.922519207000732422e+00
7.950689792633056641e+00
2.635784149169921875e-01
6.004605814814567566e-02
2.702575206756591797e+00
3.378911018371582031e+00
5.783800601959228516e+00
7.814158916473388672e+00
8.595216751098632812e+00
1.091649150848388672e+01
1.211141777038574219e+01
1.199092388153076172e+01
1.144822502136230469e+01
8.967087745666503906e+00
8.164374351501464844e+00
2.635784149169921875e-01
9.305383265018463135e-02
1.948223471641540527e+00
3.154682636260986328e+00
5.902850627899169922e+00
7.699488639831542969e+00
8.547065734863281250e+00
1.121989536285400391e+01
1.285155582427978516e+01
1.195917034149169922e+01
1.181264495849609375e+01
8.783688545227050781e+00
8.111728668212890625e+00
2.635784149169921875e-01
1.018247604370117188e-01
1.960034012794494629e+00
3.151071548461914062e+00
5.716030120849609375e+00
8.095202445983886719e+00
7.653702735900878906e+00
1.052966976165771484e+01
1.217377853393554688e+01
1.138600540161132812e+01
1.085697841644287109e+01
8.460558891296386719e+00
7.845322132110595703e+00
2.635784149169921875e-01
1.008621305227279663e-01
1.744326114654541016e+00
2.884373664855957031e+00
5.615520477294921875e+00
8.125501632690429688e+00
7.954606533050537109e+00
1.062837696075439453e+01
1.159807777404785156e+01
1.191193199157714844e+01
1.135819721221923828e+01
8.535758972167968750e+00
8.339683532714843750e+00
2.635784149169921875e-01
9.155648201704025269e-02
2.301980495452880859e+00
3.291124343872070312e+00
5.406865119934082031e+00
8.082297325134277344e+00
9.275868415832519531e+00
9.828529357910156250e+00
9.363208770751953125e+00
1.183217048645019531e+01
1.102547836303710938e+01
8.152308464050292969e+00
8.327700614929199219e+00
2.635784149169921875e-01
9.044019877910614014e-02
1.965679764747619629e+00
3.368368625640869141e+00
5.616150379180908203e+00
7.579978942871093750e+00
9.116481781005859375e+00
9.168658256530761719e+00
8.431857109069824219e+00
1.136153411865234375e+01
1.075222587585449219e+01
7.991481781005859375e+00
8.415807723999023438e+00
2.635784149169921875e-01
6.096565350890159607e-02
2.298458814620971680e-01
2.558754384517669678e-01
5.501758098602294922e+00
8.534707069396972656e+00
9.428094863891601562e+00
1.119040775299072266e+01
1.069262981414794922e+01
1.346852874755859375e+01
1.361658859252929688e+01
1.005943870544433594e+01
8.695648193359375000e+00
2.635784149169921875e-01
6.189267337322235107e-02
2.551239013671875000e+00
3.673666477203369141e+00
5.606886863708496094e+00
7.061660289764404297e+00
8.160871505737304688e+00
1.001608085632324219e+01
1.252997875213623047e+01
1.185513210296630859e+01
1.089546489715576172e+01
8.910361289978027344e+00
8.163082122802734375e+00
2.635784149169921875e-01
1.446516662836074829e-01
6.676265597343444824e-01
3.157938480377197266e+00
5.266273021697998047e+00
6.560081481933593750e+00
6.867496490478515625e+00
8.682343482971191406e+00
1.157073402404785156e+01
1.061215019226074219e+01
1.038496303558349609e+01
8.604857444763183594e+00
7.864983081817626953e+00
2.635784149169921875e-01
1.353291273117065430e-01
5.256425738334655762e-01
3.400623798370361328e+00
5.222103118896484375e+00
6.865241050720214844e+00
6.983551025390625000e+00
9.100067138671875000e+00
1.190871238708496094e+01
1.060270500183105469e+01
1.031834220886230469e+01
8.471796989440917969e+00
8.120679855346679688e+00
2.635784149169921875e-01
4.299834370613098145e-02
3.147615909576416016e+00
4.054246425628662109e+00
5.712651729583740234e+00
7.684820175170898438e+00
7.747602939605712891e+00
1.077811527252197266e+01
1.231992149353027344e+01
1.036711406707763672e+01
9.943281173706054688e+00
7.630052089691162109e+00
7.582198143005371094e+00
2.635784149169921875e-01
1.177639514207839966e-01
2.443541526794433594e+00
3.135199069976806641e+00
6.185013294219970703e+00
7.687672615051269531e+00
7.119254589080810547e+00
9.512560844421386719e+00
8.547529220581054688e+00
1.095302200317382812e+01
1.115632915496826172e+01
8.460456848144531250e+00
8.184982299804687500e+00
2.635784149169921875e-01
1.488374024629592896e-01
1.646538972854614258e+00
2.869704723358154297e+00
5.214371204376220703e+00
7.352130889892578125e+00
7.842073440551757812e+00
9.855529785156250000e+00
1.089613056182861328e+01
1.110462379455566406e+01
1.045436286926269531e+01
8.679677963256835938e+00
8.239719390869140625e+00
2.635784149169921875e-01
5.778522789478302002e-02
2.272366523742675781e+00
3.825809955596923828e+00
4.685541629791259766e+00
6.039999485015869141e+00
5.391147613525390625e+00
8.366623878479003906e+00
1.023967456817626953e+01
8.224250793457031250e+00
9.246619224548339844e+00
7.654286861419677734e+00
7.565911769866943359e+00
2.635784149169921875e-01
1.189559549093246460e-01
1.604431271553039551e+00
2.978801727294921875e+00
5.960182189941406250e+00
8.310865402221679688e+00
9.093546867370605469e+00
1.144781875610351562e+01
1.296946334838867188e+01
1.214989089965820312e+01
1.126614475250244141e+01
8.613727569580078125e+00
7.592782020568847656e+00
2.635784149169921875e-01
7.686560600996017456e-02
2.168939113616943359e+00
3.846784591674804688e+00
5.976193904876708984e+00
7.711681842803955078e+00
8.812097549438476562e+00
1.208111476898193359e+01
1.323498058319091797e+01
1.246353340148925781e+01
1.119992256164550781e+01
9.003735542297363281e+00
8.248096466064453125e+00
2.635784149169921875e-01
1.070142760872840881e-01
2.147142887115478516e+00
3.285746574401855469e+00
6.167309284210205078e+00
8.240756034851074219e+00
8.865580558776855469e+00
1.131506633758544922e+01
1.307828617095947266e+01
1.240697860717773438e+01
1.167797470092773438e+01
8.434280395507812500e+00
7.783576011657714844e+00
2.635784149169921875e-01
1.046444550156593323e-01
1.902789831161499023e+00
3.518937110900878906e+00
5.866506099700927734e+00
7.937683105468750000e+00
7.611056804656982422e+00
1.015252304077148438e+01
1.280911350250244141e+01
1.168500614166259766e+01
1.191728591918945312e+01
9.045971870422363281e+00
7.948143482208251953e+00
2.635784149169921875e-01
1.336389034986495972e-01
1.785083532333374023e+00
2.843250274658203125e+00
4.725677013397216797e+00
7.262108802795410156e+00
5.898466110229492188e+00
8.737537384033203125e+00
9.012471199035644531e+00
1.091890335083007812e+01
1.012006282806396484e+01
7.677223682403564453e+00
7.225195884704589844e+00
2.635784149169921875e-01
8.884266763925552368e-02
2.026944160461425781e+00
3.565303802490234375e+00
5.785294055938720703e+00
7.676616191864013672e+00
7.659471511840820312e+00
1.063315486907958984e+01
1.111844539642333984e+01
1.187552165985107422e+01
1.063961505889892578e+01
8.683979988098144531e+00
7.268380641937255859e+00
2.635784149169921875e-01
9.714325517416000366e-02
2.167343139648437500e+00
3.450231552124023438e+00
6.176904201507568359e+00
8.130772590637207031e+00
8.369334220886230469e+00
1.016736698150634766e+01
1.147545814514160156e+01
1.032950496673583984e+01
1.160575580596923828e+01
8.776426315307617188e+00
7.641148090362548828e+00
2.635784149169921875e-01
1.402253806591033936e-01
2.002408266067504883e+00
3.279923439025878906e+00
5.245654106140136719e+00
6.072584152221679688e+00
6.928967475891113281e+00
8.306297302246093750e+00
1.220003509521484375e+01
1.037568378448486328e+01
1.027905845642089844e+01
8.756327629089355469e+00
7.612782478332519531e+00
2.635784149169921875e-01
1.257024854421615601e-01
1.603739857673645020e+00
3.050890445709228516e+00
5.912727832794189453e+00
7.937438488006591797e+00
8.367596626281738281e+00
9.894683837890625000e+00
9.782366752624511719e+00
1.159124374389648438e+01
1.099070167541503906e+01
8.543396949768066406e+00
7.713612079620361328e+00
2.635784149169921875e-01
1.578294187784194946e-01
1.139332294464111328e+00
3.188553810119628906e+00
6.094126701354980469e+00
8.193062782287597656e+00
8.540361404418945312e+00
1.071953105926513672e+01
9.968496322631835938e+00
1.200010585784912109e+01
1.109521007537841797e+01
8.758852005004882812e+00
7.705955028533935547e+00
2.635784149169921875e-01
1.607328802347183228e-01
9.786826372146606445e-01
3.423405170440673828e+00
5.394732475280761719e+00
6.400861263275146484e+00
7.225529670715332031e+00
1.120922756195068359e+01
1.256467914581298828e+01
1.182969665527343750e+01
1.171114349365234375e+01
8.904318809509277344e+00
8.180629730224609375e+00
2.635784149169921875e-01
1.314763724803924561e-01
1.685808062553405762e+00
3.357412815093994141e+00
4.817067623138427734e+00
5.914764404296875000e+00
6.463563442230224609e+00
9.149305343627929688e+00
1.166001033782958984e+01
1.102244091033935547e+01
1.049615764617919922e+01
8.391739845275878906e+00
7.962931632995605469e+00
2.635784149169921875e-01
1.193027291446924210e-02
2.956030845642089844e+00
3.953796863555908203e+00
4.821085929870605469e+00
4.482431888580322266e+00
6.909021377563476562e+00
7.988425731658935547e+00
1.086949348449707031e+01
9.560630798339843750e+00
9.444751739501953125e+00
8.039801597595214844e+00
8.288066864013671875e+00
2.635784149169921875e-01
1.429421603679656982e-01
1.560793042182922363e+00
4.025534629821777344e+00
5.285082817077636719e+00
7.815741062164306641e+00
7.424602031707763672e+00
1.008545112609863281e+01
1.172323608398437500e+01
1.108600044250488281e+01
1.067695331573486328e+01
8.033659934997558594e+00
7.717855453491210938e+00
2.635784149169921875e-01
1.897555738687515259e-01
3.623965978622436523e-01
3.077911376953125000e+00
5.421175956726074219e+00
6.468947410583496094e+00
7.724925994873046875e+00
1.101909732818603516e+01
1.302026653289794922e+01
1.145973014831542969e+01
1.224897289276123047e+01
9.201021194458007812e+00
8.164153099060058594e+00
2.635784149169921875e-01
1.504417508840560913e-01
1.087402582168579102e+00
2.697066783905029297e+00
4.990390300750732422e+00
6.110491752624511719e+00
7.497777462005615234e+00
1.100378990173339844e+01
1.197606277465820312e+01
1.195239639282226562e+01
1.129397296905517578e+01
8.737002372741699219e+00
7.974394321441650391e+00
2.635784149169921875e-01
1.895600706338882446e-01
6.371440887451171875e-01
2.895070075988769531e+00
4.752127170562744141e+00
5.797344684600830078e+00
6.267624378204345703e+00
8.459092140197753906e+00
1.074347972869873047e+01
1.158795738220214844e+01
1.084054374694824219e+01
8.661559104919433594e+00
8.092598915100097656e+00
2.635784149169921875e-01
1.891559511423110962e-01
1.355755090713500977e+00
3.025916576385498047e+00
4.826959609985351562e+00
6.598038673400878906e+00
6.954587459564208984e+00
9.381470680236816406e+00
1.153351688385009766e+01
1.076867294311523438e+01
1.072105884552001953e+01
8.767375946044921875e+00
8.040526390075683594e+00
2.635784149169921875e-01
1.373795419931411743e-01
1.837207913398742676e+00
2.873306751251220703e+00
6.171380519866943359e+00
8.476340293884277344e+00
8.490425109863281250e+00
1.019905567169189453e+01
9.607952117919921875e+00
1.204517173767089844e+01
1.141953277587890625e+01
8.367964744567871094e+00
8.011367797851562500e+00
2.635784149169921875e-01
1.120319589972496033e-01
2.407817840576171875e+00
3.385633945465087891e+00
5.813705444335937500e+00
7.817925453186035156e+00
7.208001136779785156e+00
9.505537986755371094e+00
9.333149909973144531e+00
1.235926628112792969e+01
1.066815185546875000e+01
8.678050041198730469e+00
7.800716876983642578e+00
2.635784149169921875e-01
1.333424150943756104e-01
1.602538943290710449e+00
2.765686988830566406e+00
5.074607849121093750e+00
7.683586120605468750e+00
8.099365234375000000e+00
1.042114639282226562e+01
1.280223369598388672e+01
1.180842971801757812e+01
1.097807121276855469e+01
8.237607002258300781e+00
7.613926887512207031e+00
2.635784149169921875e-01
1.765109896659851074e-01
1.835500717163085938e+00
3.461983203887939453e+00
5.867853164672851562e+00
7.922545433044433594e+00
8.350870132446289062e+00
1.121827697753906250e+01
1.260569667816162109e+01
1.158982563018798828e+01
1.127243995666503906e+01
8.922816276550292969e+00
8.223635673522949219e+00
2.635784149169921875e-01
1.356843858957290649e-01
1.618481636047363281e+00
2.924373149871826172e+00
5.519431114196777344e+00
8.436601638793945312e+00
9.276325225830078125e+00
1.191505241394042969e+01
1.385221099853515625e+01
1.221400260925292969e+01
1.112763500213623047e+01
8.957119941711425781e+00
7.836333751678466797e+00
2.635784149169921875e-01
1.195225417613983154e-01
1.943664550781250000e+00
3.226668357849121094e+00
5.724715232849121094e+00
7.883532524108886719e+00
8.279322624206542969e+00
1.081920146942138672e+01
1.306058502197265625e+01
1.229810237884521484e+01
1.200730323791503906e+01
9.033260345458984375e+00
8.143197059631347656e+00
2.635784149169921875e-01
1.285651475191116333e-01
1.888874292373657227e+00
3.098776340484619141e+00
5.859648704528808594e+00
8.246261596679687500e+00
8.762375831604003906e+00
1.166952228546142578e+01
1.374030494689941406e+01
1.218731212615966797e+01
1.201918315887451172e+01
8.980462074279785156e+00
8.011823654174804688e+00
2.635784149169921875e-01
1.325315982103347778e-01
1.651298999786376953e+00
3.397427082061767578e+00
5.850366592407226562e+00
8.181654930114746094e+00
8.779507637023925781e+00
1.167111396789550781e+01
1.354227352142333984e+01
1.223778343200683594e+01
1.171064758300781250e+01
8.778248786926269531e+00
8.047290802001953125e+00
2.635784149169921875e-01
1.688494682312011719e-01
1.321056485176086426e+00
2.562351226806640625e+00
5.830283164978027344e+00
7.653534889221191406e+00
9.121356964111328125e+00
1.162159061431884766e+01
1.366273021697998047e+01
1.246440601348876953e+01
1.178257751464843750e+01
9.104526519775390625e+00
7.974592208862304688e+00
2.635784149169921875e-01
1.456366181373596191e-01
1.449792861938476562e+00
2.984344959259033203e+00
5.775409698486328125e+00
7.918351650238037109e+00
8.458515167236328125e+00
1.070581436157226562e+01
1.313924407958984375e+01
1.188675022125244141e+01
1.135619831085205078e+01
8.577943801879882812e+00
7.809649467468261719e+00
2.635784149169921875e-01
1.397242695093154907e-01
1.570140123367309570e+00
2.993890285491943359e+00
6.006727695465087891e+00
8.070056915283203125e+00
8.890691757202148438e+00
1.137077713012695312e+01
1.357040691375732422e+01
1.222287464141845703e+01
1.174438476562500000e+01
8.944434165954589844e+00
7.891214847564697266e+00
2.635784149169921875e-01
1.512585878372192383e-01
1.702099084854125977e+00
2.954687118530273438e+00
5.959959506988525391e+00
7.645765304565429688e+00
8.795348167419433594e+00
1.124484252929687500e+01
1.326161861419677734e+01
1.208194065093994141e+01
1.137863731384277344e+01
8.974164009094238281e+00
7.694890499114990234e+00
2.635784149169921875e-01
1.469514071941375732e-01
1.636282801628112793e+00
3.092174530029296875e+00
5.881906986236572266e+00
8.601167678833007812e+00
8.347449302673339844e+00
1.124255943298339844e+01
1.343353652954101562e+01
1.158928585052490234e+01
1.175199413299560547e+01
8.847714424133300781e+00
8.012154579162597656e+00
2.635784149169921875e-01
1.306773126125335693e-01
1.640055656433105469e+00
2.987417697906494141e+00
5.312474727630615234e+00
7.301577091217041016e+00
6.396042346954345703e+00
9.915986061096191406e+00
9.925204277038574219e+00
1.187961578369140625e+01
1.092195796966552734e+01
8.172635078430175781e+00
7.952279090881347656e+00
2.635784149169921875e-01
8.027028292417526245e-02
1.493737936019897461e+00
2.538211822509765625e+00
5.054450511932373047e+00
7.412087440490722656e+00
7.201661109924316406e+00
9.847071647644042969e+00
1.155523300170898438e+01
9.949527740478515625e+00
1.090181636810302734e+01
8.001634597778320312e+00
8.371345520019531250e+00
2.635784149169921875e-01
1.664450168609619141e-01
1.035696268081665039e+00
2.780656337738037109e+00
4.707572460174560547e+00
4.402947425842285156e+00
3.873913764953613281e+00
4.990023612976074219e+00
7.261389732360839844e+00
8.394365310668945312e+00
9.100118637084960938e+00
7.064064502716064453e+00
7.389610767364501953e+00
2.635784149169921875e-01
1.315450370311737061e-01
1.969836711883544922e+00
3.277061939239501953e+00
5.562514781951904297e+00
6.621644020080566406e+00
7.040314197540283203e+00
9.845877647399902344e+00
1.189815139770507812e+01
1.174232387542724609e+01
1.139066886901855469e+01
8.354770660400390625e+00
8.420662879943847656e+00
2.635784149169921875e-01
1.889824718236923218e-01
1.149333238601684570e+00
3.238421916961669922e+00
5.673091411590576172e+00
8.233668327331542969e+00
9.484465599060058594e+00
1.142140102386474609e+01
1.231201839447021484e+01
1.217947578430175781e+01
1.187146377563476562e+01
8.815016746520996094e+00
7.930549144744873047e+00
2.635784149169921875e-01
2.370750717818737030e-02
3.202434539794921875e+00
4.389627456665039062e+00
6.190038681030273438e+00
8.183108329772949219e+00
7.915019989013671875e+00
9.151975631713867188e+00
8.470933914184570312e+00
1.108975982666015625e+01
9.800952911376953125e+00
8.188746452331542969e+00
7.920920848846435547e+00
2.635784149169921875e-01
1.328370571136474609e-01
1.447112679481506348e+00
2.725653648376464844e+00
4.866003513336181641e+00
6.333064079284667969e+00
7.096937179565429688e+00
9.591712951660156250e+00
1.153427600860595703e+01
1.059318447113037109e+01
1.065044784545898438e+01
8.434705734252929688e+00
7.576946735382080078e+00
2.635784149169921875e-01
7.390746474266052246e-02
1.704175591468811035e+00
2.819012165069580078e+00
4.598227024078369141e+00
6.430040359497070312e+00
7.751994609832763672e+00
7.374002933502197266e+00
8.945582389831542969e+00
1.062514209747314453e+01
1.023815822601318359e+01
7.654065608978271484e+00
8.094136238098144531e+00
2.635784149169921875e-01
1.577887088060379028e-01
1.833938241004943848e+00
2.570261001586914062e+00
4.619011402130126953e+00
6.073537349700927734e+00
6.203910350799560547e+00
8.117646217346191406e+00
1.120616912841796875e+01
1.057053375244140625e+01
1.021636962890625000e+01
8.176792144775390625e+00
7.532239437103271484e+00
2.635784149169921875e-01
1.217407807707786560e-01
1.031831026077270508e+00
2.656296253204345703e+00
5.481484413146972656e+00
6.639623165130615234e+00
7.203023910522460938e+00
9.920244216918945312e+00
1.151420307159423828e+01
1.027145290374755859e+01
1.092624378204345703e+01
8.811948776245117188e+00
7.412491321563720703e+00
2.635784149169921875e-01
1.145135015249252319e-01
2.566133022308349609e+00
2.972432136535644531e+00
4.987852573394775391e+00
6.567366600036621094e+00
6.566480636596679688e+00
8.268771171569824219e+00
1.104412651062011719e+01
9.308460235595703125e+00
1.015475559234619141e+01
8.244909286499023438e+00
7.777194976806640625e+00
2.635784149169921875e-01
1.236693859100341797e-01
1.765856862068176270e+00
3.144931793212890625e+00
4.959858894348144531e+00
6.038729667663574219e+00
6.065224170684814453e+00
8.922147750854492188e+00
1.043024444580078125e+01
1.015009689331054688e+01
1.104383659362792969e+01
8.234972953796386719e+00
7.850111007690429688e+00
2.635784149169921875e-01
1.185794472694396973e-01
1.883183598518371582e+00
3.006021976470947266e+00
4.749605655670166016e+00
5.823706150054931641e+00
5.745994091033935547e+00
8.283901214599609375e+00
8.629490852355957031e+00
1.026572895050048828e+01
9.839922904968261719e+00
8.116971969604492188e+00
7.651281356811523438e+00
2.635784149169921875e-01
1.830155998468399048e-01
6.265854835510253906e-01
2.695082664489746094e+00
5.526758193969726562e+00
7.526000976562500000e+00
7.838203907012939453e+00
1.024981594085693359e+01
9.793257713317871094e+00
1.197588539123535156e+01
1.098972606658935547e+01
8.738244056701660156e+00
7.691631793975830078e+00
2.635784149169921875e-01
1.275694966316223145e-01
1.634858250617980957e+00
3.480715274810791016e+00
6.153166294097900391e+00
8.332558631896972656e+00
7.819366931915283203e+00
1.092183876037597656e+01
8.419254302978515625e+00
1.157152175903320312e+01
1.140898036956787109e+01
9.098271369934082031e+00
8.138637542724609375e+00
2.635784149169921875e-01
1.171842068433761597e-01
1.598002552986145020e+00
3.402819156646728516e+00
5.228883266448974609e+00
7.146182060241699219e+00
9.023106575012207031e+00
1.211438083648681641e+01
1.026651287078857422e+01
9.538283348083496094e+00
1.047527885437011719e+01
8.045094490051269531e+00
7.568293094635009766e+00
2.635784149169921875e-01
1.039697527885437012e-01
1.203437089920043945e+00
2.956834793090820312e+00
4.773425102233886719e+00
5.565191268920898438e+00
4.929863929748535156e+00
7.546210289001464844e+00
9.920648574829101562e+00
9.788443565368652344e+00
1.011145782470703125e+01
7.157363891601562500e+00
7.218371868133544922e+00
2.635784149169921875e-01
