1.381484307440538851e-33
2.543179035186767578e+00
3.586487531661987305e+00
5.608582973480224609e+00
7.044751167297363281e+00
5.866732597351074219e+00
8.095815658569335938e+00
1.040867710113525391e+01
1.004258918762207031e+01
1.035348510742187500e+01
8.029821395874023438e+00
7.728874206542968750e+00
8.960782416058758714e-33
1.569308100892785637e-33
2.666461467742919922e+00
3.094728946685791016e+00
4.888336181640625000e+00
6.257917404174804688e+00
5.595652580261230469e+00
8.556378364562988281e+00
1.123379516601562500e+01
9.193378448486328125e+00
9.955444335937500000e+00
7.525571823120117188e+00
7.600116729736328125e+00
8.960782416058758714e-33
1.265887937855102100e-33
2.630951166152954102e+00
3.515986680984497070e+00
5.091925144195556641e+00
5.878511428833007812e+00
5.380488395690917969e+00
7.776428222656250000e+00
9.349689483642578125e+00
1.072468471527099609e+01
1.035984230041503906e+01
7.808921813964843750e+00
8.058874130249023438e+00
8.960782416058758714e-33
1.508899538039524440e-33
2.886667728424072266e+00
3.121619701385498047e+00
4.807010650634765625e+00
6.159426689147949219e+00
6.640325546264648438e+00
4.998345375061035156e+00
6.057665824890136719e+00
8.208567619323730469e+00
1.010136985778808594e+01
7.574771881103515625e+00
7.585041999816894531e+00
8.960782416058758714e-33
1.549174454057092276e-33
2.761889219284057617e+00
3.446254968643188477e+00
5.383750438690185547e+00
5.895690441131591797e+00
5.850501060485839844e+00
8.313396453857421875e+00
9.749795913696289062e+00
8.884044647216796875e+00
1.018234825134277344e+01
7.668602943420410156e+00
8.021822929382324219e+00
8.960782416058758714e-33
1.203410045766912887e-33
3.160409927368164062e+00
3.792630672454833984e+00
5.460093021392822266e+00
6.456484794616699219e+00
6.710901260375976562e+00
9.188230514526367188e+00
1.063389873504638672e+01
1.184737873077392578e+01
1.118660545349121094e+01
8.146062850952148438e+00
7.970180034637451172e+00
8.960782416058758714e-33
1.061817710448537405e-33
3.050989389419555664e+00
3.688304185867309570e+00
5.613135814666748047e+00
6.888666152954101562e+00
6.135928153991699219e+00
9.554386138916015625e+00
1.036431694030761719e+01
9.994705200195312500e+00
1.009317302703857422e+01
7.448188781738281250e+00
7.808877944946289062e+00
8.960782416058758714e-33
1.967006308779774478e-33
2.537315368652343750e+00
3.283655166625976562e+00
4.980272293090820312e+00
5.967475891113281250e+00
6.666666984558105469e+00
7.574801445007324219e+00
9.422800064086914062e+00
1.023875617980957031e+01
1.027381229400634766e+01
7.300417423248291016e+00
7.413472652435302734e+00
8.960782416058758714e-33
1.468871751342117758e-33
2.537551879882812500e+00
3.760908126831054688e+00
5.636517524719238281e+00
7.954771041870117188e+00
8.337630271911621094e+00
1.026669502258300781e+01
1.269304656982421875e+01
1.051359081268310547e+01
1.095411300659179688e+01
8.256483078002929688e+00
7.760249137878417969e+00
8.960782416058758714e-33
2.087171586134567451e-33
1.922455787658691406e+00
2.771199226379394531e+00
5.207516193389892578e+00
7.475600242614746094e+00
8.399497985839843750e+00
9.470199584960937500e+00
9.314082145690917969e+00
1.126052665710449219e+01
1.117912578582763672e+01
8.255222320556640625e+00
7.719822406768798828e+00
8.960782416058758714e-33
1.605496980179795970e-33
2.864681243896484375e+00
3.476822376251220703e+00
5.575633049011230469e+00
6.400032043457031250e+00
4.785449981689453125e+00
6.399115085601806641e+00
7.799153327941894531e+00
1.013594436645507812e+01
1.007042121887207031e+01
7.379567623138427734e+00
7.541034698486328125e+00
8.960782416058758714e-33
1.587910115323556021e-33
2.718517541885375977e+00
3.210617780685424805e+00
5.889839649200439453e+00
7.172808647155761719e+00
5.888339996337890625e+00
8.515958786010742188e+00
9.792961120605468750e+00
9.748876571655273438e+00
1.049643898010253906e+01
7.914971828460693359e+00
7.429105758666992188e+00
8.960782416058758714e-33
1.589551582981883956e-33
2.156037807464599609e+00
3.007575511932373047e+00
5.320489883422851562e+00
6.228720188140869141e+00
4.468344211578369141e+00
5.265510559082031250e+00
8.133602142333984375e+00
9.370235443115234375e+00
1.001772880554199219e+01
7.403121471405029297e+00
7.650133132934570312e+00
8.960782416058758714e-33
1.060275976139037048e-33
2.598294496536254883e+00
3.658517360687255859e+00
5.622131824493408203e+00
6.674926757812500000e+00
6.203042030334472656e+00
6.963788986206054688e+00
1.033646202087402344e+01
1.043023777008056641e+01
1.053033065795898438e+01
7.857187747955322266e+00
7.820594310760498047e+00
8.960782416058758714e-33
1.111231084853290788e-33
2.649256229400634766e+00
3.702220439910888672e+00
6.039416313171386719e+00
6.737396240234375000e+00
5.194292545318603516e+00
5.046437263488769531e+00
8.179267883300781250e+00
9.478854179382324219e+00
9.765848159790039062e+00
7.688429832458496094e+00
7.678675651550292969e+00
8.960782416058758714e-33
2.295060149800389104e-33
2.635284662246704102e+00
3.488191366195678711e+00
5.018424034118652344e+00
6.080178737640380859e+00
4.255926132202148438e+00
3.802585124969482422e+00
6.775038719177246094e+00
9.274518966674804688e+00
1.010951805114746094e+01
7.725064754486083984e+00
7.816979408264160156e+00
8.960782416058758714e-33
2.499388067609173122e-33
2.704128026962280273e+00
3.366242408752441406e+00
5.623485565185546875e+00
5.841917514801025391e+00
4.229197502136230469e+00
3.814987897872924805e+00
6.352800369262695312e+00
8.644368171691894531e+00
9.960876464843750000e+00
7.217489242553710938e+00
7.408955574035644531e+00
8.960782416058758714e-33
1.589850048344397427e-33
2.683159351348876953e+00
3.005978107452392578e+00
4.974308013916015625e+00
6.142465591430664062e+00
5.191716194152832031e+00
4.723876476287841797e+00
8.033638000488281250e+00
9.759572029113769531e+00
1.012668800354003906e+01
7.376259803771972656e+00
7.333422660827636719e+00
8.960782416058758714e-33
1.036465144201681561e-33
2.922975540161132812e+00
3.645339012145996094e+00
5.756889820098876953e+00
7.175654411315917969e+00
6.034474372863769531e+00
6.303467750549316406e+00
8.433023452758789062e+00
1.030748176574707031e+01
1.116001892089843750e+01
8.117654800415039062e+00
8.120180130004882812e+00
8.960782416058758714e-33
1.992369436108688491e-33
2.834156513214111328e+00
3.586272716522216797e+00
5.921599388122558594e+00
6.792762756347656250e+00
4.850660324096679688e+00
7.224812030792236328e+00
9.310003280639648438e+00
1.090643882751464844e+01
1.121102142333984375e+01
8.253377914428710938e+00
7.823352813720703125e+00
8.960782416058758714e-33
1.931770498271891778e-33
2.580857276916503906e+00
3.610340118408203125e+00
6.264040946960449219e+00
7.912195205688476562e+00
7.050981521606445312e+00
1.003492832183837891e+01
1.221550559997558594e+01
1.071156501770019531e+01
1.143732070922851562e+01
8.585714340209960938e+00
8.131710052490234375e+00
8.960782416058758714e-33
1.293389362876558780e-33
2.878830432891845703e+00
3.430174589157104492e+00
4.979846000671386719e+00
7.811420440673828125e+00
9.788978576660156250e+00
1.008792304992675781e+01
8.601919174194335938e+00
1.086925506591796875e+01
1.055201244354248047e+01
8.029951095581054688e+00
8.268730163574218750e+00
8.960782416058758714e-33
1.178874080751893901e-33
2.695490837097167969e+00
3.609442234039306641e+00
5.879528999328613281e+00
7.899777412414550781e+00
8.898073196411132812e+00
1.097740268707275391e+01
1.317781066894531250e+01
1.255636024475097656e+01
1.156697940826416016e+01
8.665283203125000000e+00
8.079801559448242188e+00
8.960782416058758714e-33
1.704817436616648097e-33
2.376277446746826172e+00
3.422388553619384766e+00
5.713244915008544922e+00
7.966501235961914062e+00
8.543354034423828125e+00
1.106355762481689453e+01
1.318804359436035156e+01
1.260111045837402344e+01
1.118647575378417969e+01
8.603299140930175781e+00
8.007957458496093750e+00
8.960782416058758714e-33
1.434435552499282688e-33
2.397019863128662109e+00
3.166771173477172852e+00
5.547120571136474609e+00
8.159072875976562500e+00
7.893650054931640625e+00
1.111719131469726562e+01
1.226446533203125000e+01
1.129045295715332031e+01
1.099335479736328125e+01
8.176589012145996094e+00
7.743858337402343750e+00
8.960782416058758714e-33
1.735543573250196481e-33
2.249416828155517578e+00
3.232873201370239258e+00
6.180941581726074219e+00
8.263199806213378906e+00
8.132720947265625000e+00
1.101925659179687500e+01
1.091917037963867188e+01
1.211799430847167969e+01
1.146219062805175781e+01
8.084529876708984375e+00
7.995043754577636719e+00
8.960782416058758714e-33
1.382910512695872455e-33
2.665673494338989258e+00
3.593145608901977539e+00
6.023159503936767578e+00
8.013682365417480469e+00
9.918574333190917969e+00
1.002301883697509766e+01
8.890165328979492188e+00
1.189691925048828125e+01
1.112443065643310547e+01
8.002632141113281250e+00
8.169377326965332031e+00
8.960782416058758714e-33
1.501181040093933753e-33
2.687232971191406250e+00
3.266498088836669922e+00
5.521746158599853516e+00
7.642394065856933594e+00
8.874229431152343750e+00
9.078173637390136719e+00
8.822494506835937500e+00
1.152756023406982422e+01
1.095418739318847656e+01
8.007232666015625000e+00
8.026526451110839844e+00
8.960782416058758714e-33
1.331864578675918462e-33
2.192203044891357422e+00
4.065203666687011719e+00
5.358317852020263672e+00
8.111823081970214844e+00
8.628686904907226562e+00
1.058482360839843750e+01
1.040334033966064453e+01
1.331522178649902344e+01
1.256190681457519531e+01
9.663418769836425781e+00
7.869798660278320312e+00
8.960782416058758714e-33
1.886041380302004686e-33
2.539602756500244141e+00
3.319965600967407227e+00
5.218034267425537109e+00
6.843486785888671875e+00
7.362475872039794922e+00
1.018321609497070312e+01
1.265547180175781250e+01
1.192393779754638672e+01
1.152128887176513672e+01
8.966429710388183594e+00
7.864534378051757812e+00
8.960782416058758714e-33
1.251091861891607345e-33
2.395090579986572266e+00
3.684560537338256836e+00
4.934349060058593750e+00
6.379739761352539062e+00
6.515084266662597656e+00
8.669324874877929688e+00
1.137480545043945312e+01
1.032804107666015625e+01
1.013719367980957031e+01
8.370265007019042969e+00
7.694417953491210938e+00
8.960782416058758714e-33
1.494536374604918456e-33
2.547054290771484375e+00
3.396436452865600586e+00
5.184050083160400391e+00
6.468957901000976562e+00
6.616926670074462891e+00
8.919214248657226562e+00
1.134074878692626953e+01
1.053327369689941406e+01
1.031195259094238281e+01
8.304857254028320312e+00
7.961598873138427734e+00
8.960782416058758714e-33
1.649412530771555051e-33
2.225639104843139648e+00
3.396895885467529297e+00
5.646489143371582031e+00
7.454749107360839844e+00
6.751791000366210938e+00
1.078708457946777344e+01
1.229518890380859375e+01
1.054541206359863281e+01
1.018808746337890625e+01
7.581131935119628906e+00
7.631281852722167969e+00
8.960782416058758714e-33
1.492898764037429157e-33
3.293973684310913086e+00
3.314250946044921875e+00
5.769032478332519531e+00
7.802645206451416016e+00
7.018605232238769531e+00
9.376831054687500000e+00
8.614458084106445312e+00
1.131361770629882812e+01
1.110740280151367188e+01
8.023985862731933594e+00
8.333097457885742188e+00
8.960782416058758714e-33
1.772082345777568760e-33
2.557301044464111328e+00
2.643306732177734375e+00
5.093955516815185547e+00
6.754280090332031250e+00
7.150357246398925781e+00
9.223910331726074219e+00
1.142881393432617188e+01
1.116114807128906250e+01
1.078510665893554688e+01
8.516656875610351562e+00
7.759645938873291016e+00
8.960782416058758714e-33
2.071811732060158789e-33
2.673147916793823242e+00
3.855387449264526367e+00
4.817114353179931641e+00
6.574956893920898438e+00
5.703781604766845703e+00
8.426584243774414062e+00
1.038883590698242188e+01
7.883881568908691406e+00
9.220218658447265625e+00
7.489868164062500000e+00
8.028536796569824219e+00
8.960782416058758714e-33
1.946406872307567785e-33
2.322110176086425781e+00
3.549238204956054688e+00
6.325205326080322266e+00
8.107721328735351562e+00
8.807530403137207031e+00
1.145227622985839844e+01
1.316021156311035156e+01
1.208823585510253906e+01
1.137840461730957031e+01
8.797243118286132812e+00
7.561441421508789062e+00
8.960782416058758714e-33
1.787933152414438043e-33
2.649834632873535156e+00
3.601391792297363281e+00
5.600348472595214844e+00
7.485230445861816406e+00
8.663261413574218750e+00
1.133493423461914062e+01
1.289189529418945312e+01
1.216453933715820312e+01
1.138756561279296875e+01
8.629037857055664062e+00
7.955221176147460938e+00
8.960782416058758714e-33
1.456249237901690340e-33
2.677877902984619141e+00
3.357283115386962891e+00
6.139365673065185547e+00
8.200795173645019531e+00
8.335181236267089844e+00
1.153800964355468750e+01
1.291438484191894531e+01
1.187415313720703125e+01
1.161705017089843750e+01
8.461751937866210938e+00
7.830626487731933594e+00
8.960782416058758714e-33
1.814864095333761282e-33
2.305681228637695312e+00
3.396362781524658203e+00
5.755290985107421875e+00
6.993733406066894531e+00
7.136821269989013672e+00
1.003575897216796875e+01
1.254215431213378906e+01
1.178423023223876953e+01
1.129855728149414062e+01
8.717980384826660156e+00
7.875460147857666016e+00
8.960782416058758714e-33
1.140214000098768182e-33
2.227356433868408203e+00
3.131301879882812500e+00
4.915859699249267578e+00
7.233012676239013672e+00
5.796419620513916016e+00
8.847377777099609375e+00
8.474704742431640625e+00
1.106352043151855469e+01
1.060876464843750000e+01
7.886631965637207031e+00
7.412698745727539062e+00
8.960782416058758714e-33
1.211706280818833497e-33
2.450877666473388672e+00
3.504083871841430664e+00
5.891182422637939453e+00
7.257690429687500000e+00
6.840435981750488281e+00
1.014831733703613281e+01
1.172175407409667969e+01
1.140136718750000000e+01
1.108143043518066406e+01
8.069003105163574219e+00
7.742087364196777344e+00
8.960782416058758714e-33
1.358945488960467700e-33
2.827445507049560547e+00
3.468495845794677734e+00
6.066533088684082031e+00
7.624125480651855469e+00
9.537307739257812500e+00
1.064962196350097656e+01
1.170587348937988281e+01
9.991693496704101562e+00
1.124782943725585938e+01
8.597438812255859375e+00
8.154404640197753906e+00
8.960782416058758714e-33
1.915470616058809918e-33
2.407006740570068359e+00
3.403657674789428711e+00
5.594706058502197266e+00
6.476204395294189453e+00
6.892434120178222656e+00
8.948126792907714844e+00
1.157840347290039062e+01
1.096124458312988281e+01
1.048726463317871094e+01
8.250499725341796875e+00
7.516661643981933594e+00
8.960782416058758714e-33
1.163046416660056431e-33
2.468068122863769531e+00
3.418444156646728516e+00
6.093548297882080078e+00
8.375465393066406250e+00
8.332605361938476562e+00
1.032849502563476562e+01
8.956649780273437500e+00
1.164867973327636719e+01
1.148715209960937500e+01
8.396226882934570312e+00
7.834650993347167969e+00
8.960782416058758714e-33
1.553323949115494951e-33
2.701634407043457031e+00
3.460690021514892578e+00
6.001322746276855469e+00
7.701951026916503906e+00
7.832920074462890625e+00
1.087019157409667969e+01
1.009514808654785156e+01
1.211999893188476562e+01
1.133335304260253906e+01
8.733409881591796875e+00
7.791503429412841797e+00
8.960782416058758714e-33
1.580632152253035217e-33
2.131990432739257812e+00
3.487993240356445312e+00
5.560864925384521484e+00
5.744456768035888672e+00
7.318503379821777344e+00
1.071172714233398438e+01
1.224547195434570312e+01
1.097070121765136719e+01
1.134746742248535156e+01
8.290634155273437500e+00
7.790633201599121094e+00
8.960782416058758714e-33
1.288317931272226031e-33
2.493703842163085938e+00
3.572138309478759766e+00
4.806710243225097656e+00
5.877536773681640625e+00
6.053181171417236328e+00
8.624122619628906250e+00
1.107683753967285156e+01
1.132895660400390625e+01
1.043281078338623047e+01
8.472002029418945312e+00
7.817933559417724609e+00
8.960782416058758714e-33
2.310086090010767310e-33
2.050578832626342773e+00
3.149786472320556641e+00
4.984727859497070312e+00
6.182991027832031250e+00
7.410043239593505859e+00
8.099720954895019531e+00
1.121226978302001953e+01
9.807138442993164062e+00
1.021521949768066406e+01
8.099590301513671875e+00
7.717454433441162109e+00
8.960782416058758714e-33
1.563704666259209645e-33
2.560077190399169922e+00
3.549746274948120117e+00
5.280866622924804688e+00
7.261522293090820312e+00
6.873287200927734375e+00
9.795404434204101562e+00
1.171124076843261719e+01
1.057785415649414062e+01
1.051031494140625000e+01
8.010353088378906250e+00
7.739783763885498047e+00
8.960782416058758714e-33
1.737832481156438254e-33
2.251539945602416992e+00
3.608266353607177734e+00
5.660612583160400391e+00
6.352972030639648438e+00
7.824082374572753906e+00
1.091025161743164062e+01
1.269068717956542969e+01
1.140224838256835938e+01
1.170819282531738281e+01
8.689125061035156250e+00
8.241407394409179688e+00
8.960782416058758714e-33
1.256669490750762942e-33
2.493813037872314453e+00
3.187580585479736328e+00
4.854282855987548828e+00
6.676100730895996094e+00
7.862914085388183594e+00
1.099992752075195312e+01
1.263564491271972656e+01
1.181336975097656250e+01
1.114035892486572266e+01
8.326714515686035156e+00
7.899761676788330078e+00
8.960782416058758714e-33
1.832899117411252228e-33
2.302054405212402344e+00
3.357153654098510742e+00
5.184854030609130859e+00
6.003015995025634766e+00
6.183796882629394531e+00
9.093605041503906250e+00
1.048724555969238281e+01
1.100313472747802734e+01
1.056170272827148438e+01
8.442750930786132812e+00
7.637605667114257812e+00
8.960782416058758714e-33
1.940300546497030634e-33
2.369886398315429688e+00
3.143826246261596680e+00
4.892109394073486328e+00
6.880484104156494141e+00
7.045956611633300781e+00
9.461810111999511719e+00
1.140764808654785156e+01
1.083160495758056641e+01
1.066973876953125000e+01
8.228902816772460938e+00
7.403103351593017578e+00
8.960782416058758714e-33
1.579116499224443730e-33
2.487322807312011719e+00
3.284496068954467773e+00
5.966006278991699219e+00
8.815012931823730469e+00
8.728657722473144531e+00
1.065249061584472656e+01
8.830942153930664062e+00
1.195780086517333984e+01
1.130442905426025391e+01
8.355552673339843750e+00
8.263277053833007812e+00
8.960782416058758714e-33
1.773309268006239522e-33
2.615209102630615234e+00
3.672024011611938477e+00
5.755679607391357422e+00
7.740510940551757812e+00
7.145055770874023438e+00
9.947208404541015625e+00
9.624856948852539062e+00
1.212853240966796875e+01
1.143088626861572266e+01
8.692931175231933594e+00
7.662423133850097656e+00
8.960782416058758714e-33
1.891499898522643368e-33
2.457869529724121094e+00
2.520816326141357422e+00
4.997658729553222656e+00
7.157280445098876953e+00
8.277565956115722656e+00
1.042037773132324219e+01
1.246310806274414062e+01
1.130132675170898438e+01
1.068921852111816406e+01
7.792809009552001953e+00
7.217612266540527344e+00
8.960782416058758714e-33
1.700959060081066254e-33
2.299751996994018555e+00
3.229659318923950195e+00
5.669456005096435547e+00
7.422448635101318359e+00
8.220869064331054688e+00
1.078179359436035156e+01
1.306274604797363281e+01
1.240136146545410156e+01
1.124186897277832031e+01
8.752132415771484375e+00
7.781471252441406250e+00
8.960782416058758714e-33
1.201716415546767213e-33
2.673625469207763672e+00
3.169020414352416992e+00
5.687841892242431641e+00
8.411156654357910156e+00
9.075599670410156250e+00
1.165599060058593750e+01
1.365147018432617188e+01
1.246648216247558594e+01
1.113897323608398438e+01
8.678860664367675781e+00
7.502465248107910156e+00
8.960782416058758714e-33
1.646336960005223925e-33
2.489514112472534180e+00
3.465428590774536133e+00
5.822233676910400391e+00
8.072457313537597656e+00
8.603744506835937500e+00
1.107950401306152344e+01
1.374270820617675781e+01
1.209482192993164062e+01
1.159456253051757812e+01
8.743879318237304688e+00
7.868267536163330078e+00
8.960782416058758714e-33
1.735229312182343835e-33
2.505955934524536133e+00
3.246296882629394531e+00
6.001189708709716797e+00
8.103878021240234375e+00
8.789398193359375000e+00
1.133470916748046875e+01
1.408094215393066406e+01
1.248962402343750000e+01
1.183126068115234375e+01
8.657383918762207031e+00
7.704099178314208984e+00
8.960782416058758714e-33
1.674030504884643123e-33
2.580927371978759766e+00
3.539807796478271484e+00
6.150334358215332031e+00
8.269672393798828125e+00
8.664362907409667969e+00
1.155735015869140625e+01
1.343870925903320312e+01
1.266154289245605469e+01
1.168821716308593750e+01
8.630540847778320312e+00
8.010479927062988281e+00
8.960782416058758714e-33
2.296088523686366290e-33
1.994507789611816406e+00
3.168774843215942383e+00
5.642644882202148438e+00
7.719036579132080078e+00
8.484140396118164062e+00
1.094896030426025391e+01
1.335849571228027344e+01
1.238605880737304688e+01
1.153618621826171875e+01
8.740966796875000000e+00
7.476127624511718750e+00
8.960782416058758714e-33
1.964603892200281428e-33
2.533806085586547852e+00
3.475385904312133789e+00
6.019741058349609375e+00
7.768499374389648438e+00
8.236009597778320312e+00
1.080270385742187500e+01
1.333181571960449219e+01
1.231846427917480469e+01
1.156984329223632812e+01
8.620784759521484375e+00
7.891919612884521484e+00
8.960782416058758714e-33
1.804530397964079479e-33
2.427522897720336914e+00
3.214915752410888672e+00
6.027756690979003906e+00
8.003331184387207031e+00
8.462657928466796875e+00
1.105769348144531250e+01
1.367537307739257812e+01
1.256620025634765625e+01
1.171226215362548828e+01
8.720069885253906250e+00
7.666118621826171875e+00
8.960782416058758714e-33
1.769011917799022482e-33
2.435519695281982422e+00
3.312728881835937500e+00
5.859401702880859375e+00
7.608004570007324219e+00
8.306720733642578125e+00
1.108139610290527344e+01
1.317633628845214844e+01
1.214224052429199219e+01
1.167601203918457031e+01
8.617244720458984375e+00
7.815667152404785156e+00
8.960782416058758714e-33
2.171790649004463713e-33
2.553018808364868164e+00
3.389464378356933594e+00
5.823363304138183594e+00
7.610581398010253906e+00
7.953636169433593750e+00
1.110407447814941406e+01
1.356106567382812500e+01
1.106523513793945312e+01
1.121569633483886719e+01
8.585484504699707031e+00
7.692076206207275391e+00
8.960782416058758714e-33
2.176604849384057928e-33
2.506192684173583984e+00
3.030095577239990234e+00
5.298213958740234375e+00
6.996841430664062500e+00
6.134777069091796875e+00
9.562981605529785156e+00
9.245929718017578125e+00
1.125623512268066406e+01
1.113056087493896484e+01
8.523996353149414062e+00
8.317838668823242188e+00
8.960782416058758714e-33
1.670568490350479171e-33
2.603688716888427734e+00
2.963075399398803711e+00
5.717454433441162109e+00
7.519450187683105469e+00
7.470614433288574219e+00
1.083427047729492188e+01
1.196182918548583984e+01
1.026801300048828125e+01
1.051420402526855469e+01
7.935629367828369141e+00
8.008209228515625000e+00
8.960782416058758714e-33
2.454231268451342632e-33
2.105757236480712891e+00
2.630642652511596680e+00
3.915100336074829102e+00
4.366954803466796875e+00
4.146137714385986328e+00
5.385698318481445312e+00
7.808898925781250000e+00
8.482272148132324219e+00
9.746787071228027344e+00
6.781896591186523438e+00
7.559141635894775391e+00
8.960782416058758714e-33
1.489532350254765673e-33
2.317907810211181641e+00
3.178749799728393555e+00
4.855182647705078125e+00
7.155673027038574219e+00
7.228522300720214844e+00
1.014409255981445312e+01
1.249804687500000000e+01
1.153329849243164062e+01
1.102659034729003906e+01
8.095964431762695312e+00
7.936024665832519531e+00
8.960782416058758714e-33
1.653811634708515146e-33
2.532909393310546875e+00
3.677979707717895508e+00
5.960083007812500000e+00
7.658349990844726562e+00
8.821617126464843750e+00
1.148018932342529297e+01
1.264388656616210938e+01
1.157437705993652344e+01
1.139345455169677734e+01
8.453073501586914062e+00
7.687937736511230469e+00
8.960782416058758714e-33
8.639974395685009595e-34
2.933582544326782227e+00
3.638545274734497070e+00
4.994796752929687500e+00
7.415764331817626953e+00
6.825685501098632812e+00
8.742856979370117188e+00
7.712483406066894531e+00
1.079201507568359375e+01
1.065902328491210938e+01
8.040771484375000000e+00
7.753106117248535156e+00
8.960782416058758714e-33
1.371214986753663800e-33
2.191601276397705078e+00
3.328308343887329102e+00
5.031321525573730469e+00
5.927757263183593750e+00
6.971366882324218750e+00
9.137818336486816406e+00
1.134994411468505859e+01
1.070185852050781250e+01
1.062163925170898438e+01
8.589081764221191406e+00
7.623443126678466797e+00
8.960782416058758714e-33
2.048426373976503274e-33
2.314294815063476562e+00
2.871700525283813477e+00
4.287966728210449219e+00
5.924739837646484375e+00
7.660402297973632812e+00
7.709724426269531250e+00
9.255658149719238281e+00
1.074901199340820312e+01
1.049076271057128906e+01
7.237097263336181641e+00
7.503820419311523438e+00
8.960782416058758714e-33
1.895888349542049136e-33
2.649527072906494141e+00
2.678460121154785156e+00
4.381350040435791016e+00
6.114065170288085938e+00
6.092648506164550781e+00
8.140262603759765625e+00
1.085232353210449219e+01
1.011988258361816406e+01
9.982522964477539062e+00
8.018409729003906250e+00
7.485424041748046875e+00
8.960782416058758714e-33
1.741676715025611766e-33
2.114133596420288086e+00
3.013259410858154297e+00
5.061120033264160156e+00
6.110229969024658203e+00
6.968254089355468750e+00
8.913311004638671875e+00
1.077533340454101562e+01
1.006662940979003906e+01
1.034234046936035156e+01
8.300354003906250000e+00
7.195395469665527344e+00
8.960782416058758714e-33
1.878747621526144708e-33
2.433040142059326172e+00
3.313425302505493164e+00
5.077962875366210938e+00
6.589999675750732422e+00
6.891465187072753906e+00
8.390333175659179688e+00
9.989653587341308594e+00
9.561491012573242188e+00
1.059136390686035156e+01
7.984125137329101562e+00
7.730188369750976562e+00
8.960782416058758714e-33
8.342768097823864217e-34
2.376924037933349609e+00
3.301460027694702148e+00
5.494860172271728516e+00
6.109906196594238281e+00
6.238018035888671875e+00
9.131048202514648438e+00
1.083620548248291016e+01
1.033502006530761719e+01
1.122450637817382812e+01
8.210861206054687500e+00
7.673409461975097656e+00
8.960782416058758714e-33
1.699188104373155552e-33
2.360579013824462891e+00
3.304941177368164062e+00
4.959246635437011719e+00
6.500621318817138672e+00
6.243944168090820312e+00
8.801502227783203125e+00
8.113595008850097656e+00
1.059504508972167969e+01
1.071081733703613281e+01
8.226578712463378906e+00
7.799036026000976562e+00
8.960782416058758714e-33
2.282269669237488720e-33
1.958791017532348633e+00
2.914067745208740234e+00
5.800234794616699219e+00
7.669893264770507812e+00
6.708001136779785156e+00
1.019910812377929688e+01
9.412553787231445312e+00
1.234978866577148438e+01
1.103710937500000000e+01
8.283113479614257812e+00
7.864150047302246094e+00
8.960782416058758714e-33
1.489931099979083671e-33
2.765796422958374023e+00
3.431864976882934570e+00
5.972795486450195312e+00
8.014043807983398438e+00
7.063494682312011719e+00
9.957534790039062500e+00
8.457954406738281250e+00
1.159352684020996094e+01
1.114958953857421875e+01
8.369709014892578125e+00
7.616254806518554688e+00
8.960782416058758714e-33
1.628630341661993956e-33
2.526848793029785156e+00
3.595273494720458984e+00
5.155806541442871094e+00
7.563221931457519531e+00
9.876649856567382812e+00
1.300298690795898438e+01
1.040282154083251953e+01
9.150917053222656250e+00
1.011801052093505859e+01
7.868529319763183594e+00
7.541711330413818359e+00
8.960782416058758714e-33
2.132354282902314495e-33
2.683028221130371094e+00
2.902177810668945312e+00
4.436184883117675781e+00
5.317591190338134766e+00
4.727745056152343750e+00
7.792200088500976562e+00
1.005905628204345703e+01
1.057998085021972656e+01
9.932855606079101562e+00
7.221333503723144531e+00
7.378479003906250000e+00
8.960782416058758714e-33
