-7.578284311193783651e-08
2.813690662384033203e+00
3.537776708602905273e+00
5.696786880493164062e+00
7.318982124328613281e+00
6.567755699157714844e+00
8.779209136962890625e+00
1.034241867065429688e+01
1.008746528625488281e+01
1.087243843078613281e+01
8.214270591735839844e+00
7.654775619506835938e+00
-4.638621931007946841e-07
-6.411139708006885485e-08
2.264942646026611328e+00
2.924247741699218750e+00
4.816059112548828125e+00
6.384036064147949219e+00
5.853708744049072266e+00
8.240216255187988281e+00
1.104143428802490234e+01
9.232118606567382812e+00
1.037528419494628906e+01
7.451663494110107422e+00
7.582597732543945312e+00
-4.638621931007946841e-07
-4.862670621719189512e-08
2.456688165664672852e+00
3.068838596343994141e+00
5.196670532226562500e+00
5.742856979370117188e+00
5.648623466491699219e+00
7.674057960510253906e+00
9.194849014282226562e+00
1.017365264892578125e+01
1.017100429534912109e+01
7.758116245269775391e+00
7.900187969207763672e+00
-4.638621931007946841e-07
-5.573042471951339394e-08
2.827190399169921875e+00
3.030463457107543945e+00
5.040492057800292969e+00
6.302469253540039062e+00
6.619436740875244141e+00
5.238186836242675781e+00
6.997163295745849609e+00
8.282011032104492188e+00
1.040451049804687500e+01
7.641380310058593750e+00
7.731833457946777344e+00
-4.638621931007946841e-07
-5.859831730958831031e-08
2.451870441436767578e+00
3.729760646820068359e+00
5.322466850280761719e+00
6.124434471130371094e+00
5.789583206176757812e+00
7.738588333129882812e+00
9.654907226562500000e+00
9.291275024414062500e+00
1.063651084899902344e+01
7.655921936035156250e+00
8.111566543579101562e+00
-4.638621931007946841e-07
-5.633315325326293532e-08
3.288669109344482422e+00
3.614785671234130859e+00
5.584092140197753906e+00
6.935264587402343750e+00
7.019458770751953125e+00
9.426411628723144531e+00
1.023836612701416016e+01
1.134556674957275391e+01
1.091375350952148438e+01
7.883933067321777344e+00
7.756910324096679688e+00
-4.638621931007946841e-07
-5.617762610654608579e-08
3.071949481964111328e+00
3.562252759933471680e+00
5.573729991912841797e+00
7.080150604248046875e+00
6.357664108276367188e+00
9.374162673950195312e+00
1.064208984375000000e+01
1.048088264465332031e+01
1.031006813049316406e+01
7.650596618652343750e+00
7.984450340270996094e+00
-4.638621931007946841e-07
-7.961209291806881083e-08
2.366464853286743164e+00
3.457742929458618164e+00
5.006755352020263672e+00
6.256227016448974609e+00
6.834434509277343750e+00
7.381490707397460938e+00
9.516225814819335938e+00
9.785725593566894531e+00
1.049724006652832031e+01
7.365091323852539062e+00
7.774294376373291016e+00
-4.638621931007946841e-07
-7.166024573734830483e-08
2.635900020599365234e+00
3.817122459411621094e+00
5.798189640045166016e+00
7.695128440856933594e+00
8.224268913269042969e+00
1.003837776184082031e+01
1.216271591186523438e+01
1.036982917785644531e+01
1.076351165771484375e+01
8.669092178344726562e+00
8.232739448547363281e+00
-4.638621931007946841e-07
-7.975169324936359772e-08
2.091618776321411133e+00
3.036373615264892578e+00
5.095016479492187500e+00
7.054219245910644531e+00
8.153830528259277344e+00
9.270447731018066406e+00
9.529598236083984375e+00
1.076838111877441406e+01
1.149733924865722656e+01
8.307554244995117188e+00
7.770301818847656250e+00
-4.638621931007946841e-07
-5.781198098020468024e-08
2.945606231689453125e+00
3.570120096206665039e+00
5.417485713958740234e+00
6.729063987731933594e+00
5.241234779357910156e+00
6.426904201507568359e+00
8.068331718444824219e+00
1.002967071533203125e+01
1.031825447082519531e+01
7.360418796539306641e+00
7.568469047546386719e+00
-4.638621931007946841e-07
-7.358613629548926838e-08
2.549102544784545898e+00
3.334018707275390625e+00
5.819154739379882812e+00
7.332741260528564453e+00
5.536271572113037109e+00
8.495138168334960938e+00
9.533296585083007812e+00
1.036909580230712891e+01
1.079583358764648438e+01
7.990598201751708984e+00
7.485763072967529297e+00
-4.638621931007946841e-07
-6.490335380249234731e-08
2.122670412063598633e+00
3.047635555267333984e+00
5.184556961059570312e+00
5.974968910217285156e+00
4.656280994415283203e+00
5.929280281066894531e+00
8.888963699340820312e+00
9.967164993286132812e+00
9.771612167358398438e+00
7.384900093078613281e+00
7.810173988342285156e+00
-4.638621931007946841e-07
-4.588775226466168533e-08
2.888068914413452148e+00
3.506494998931884766e+00
5.589311122894287109e+00
6.369991302490234375e+00
6.334881782531738281e+00
7.047039985656738281e+00
1.025587654113769531e+01
1.040688705444335938e+01
1.065821075439453125e+01
8.228563308715820312e+00
8.195175170898437500e+00
-4.638621931007946841e-07
-3.702666262483944593e-08
2.766410112380981445e+00
4.051019191741943359e+00
6.112777709960937500e+00
6.807393074035644531e+00
5.776071548461914062e+00
5.668512344360351562e+00
8.923179626464843750e+00
9.582519531250000000e+00
1.006451034545898438e+01
7.903169631958007812e+00
7.633998870849609375e+00
-4.638621931007946841e-07
-7.909888211088400567e-08
2.642603874206542969e+00
3.551249742507934570e+00
5.078997611999511719e+00
5.810596942901611328e+00
4.119153976440429688e+00
4.208653926849365234e+00
6.740404129028320312e+00
9.344074249267578125e+00
9.273900032043457031e+00
7.805272579193115234e+00
7.950137138366699219e+00
-4.638621931007946841e-07
-7.471176388662570389e-08
2.865683555603027344e+00
3.359459877014160156e+00
5.160187244415283203e+00
5.707279205322265625e+00
4.408661365509033203e+00
4.318718433380126953e+00
6.918017864227294922e+00
8.916417121887207031e+00
1.022936725616455078e+01
7.352855205535888672e+00
7.845621109008789062e+00
-4.638621931007946841e-07
-7.838424664896592731e-08
2.625051975250244141e+00
2.843185424804687500e+00
4.897348403930664062e+00
6.445406913757324219e+00
5.456211090087890625e+00
4.649347782135009766e+00
7.846997261047363281e+00
9.565085411071777344e+00
1.012877655029296875e+01
7.610312461853027344e+00
7.397497177124023438e+00
-4.638621931007946841e-07
-5.075368036955296702e-08
2.807372570037841797e+00
3.781703472137451172e+00
5.812190055847167969e+00
6.617465019226074219e+00
6.619534015655517578e+00
6.221618652343750000e+00
8.364957809448242188e+00
1.027834796905517578e+01
1.069721603393554688e+01
7.872502326965332031e+00
7.764240741729736328e+00
-4.638621931007946841e-07
-6.638760652322162059e-08
2.755438804626464844e+00
3.280452728271484375e+00
5.871959686279296875e+00
6.590512275695800781e+00
5.637876510620117188e+00
7.298698425292968750e+00
9.233437538146972656e+00
1.068901824951171875e+01
1.098380088806152344e+01
8.268426895141601562e+00
7.993363380432128906e+00
-4.638621931007946841e-07
-7.653147804376203567e-08
2.859202861785888672e+00
3.878384113311767578e+00
5.954409122467041016e+00
8.027595520019531250e+00
6.868533134460449219e+00
1.039521217346191406e+01
1.191445922851562500e+01
1.117063331604003906e+01
1.171725082397460938e+01
9.032993316650390625e+00
8.266141891479492188e+00
-4.638621931007946841e-07
-4.235343098457633459e-08
3.085284709930419922e+00
3.744586706161499023e+00
5.344616413116455078e+00
7.471153259277343750e+00
9.030790328979492188e+00
1.021743392944335938e+01
8.749025344848632812e+00
1.065325927734375000e+01
1.063458061218261719e+01
8.290805816650390625e+00
8.041570663452148438e+00
-4.638621931007946841e-07
-6.266444785296698683e-08
2.776436805725097656e+00
3.526539325714111328e+00
5.692458152770996094e+00
7.913235187530517578e+00
8.649017333984375000e+00
1.082398319244384766e+01
1.295981788635253906e+01
1.231977081298828125e+01
1.140434265136718750e+01
8.635269165039062500e+00
7.967618942260742188e+00
-4.638621931007946841e-07
-8.690788178000730113e-08
2.536019563674926758e+00
3.448344945907592773e+00
5.551151752471923828e+00
7.753202438354492188e+00
8.356857299804687500e+00
1.097954940795898438e+01
1.272431945800781250e+01
1.228177261352539062e+01
1.079540061950683594e+01
8.386588096618652344e+00
7.778162002563476562e+00
-4.638621931007946841e-07
-7.327403039880664437e-08
1.962859630584716797e+00
3.251428842544555664e+00
5.692855834960937500e+00
8.156875610351562500e+00
7.769931793212890625e+00
1.070768165588378906e+01
1.214711093902587891e+01
1.110024833679199219e+01
1.097475051879882812e+01
8.181997299194335938e+00
7.598718643188476562e+00
-4.638621931007946841e-07
-7.367772525412874529e-08
1.901124954223632812e+00
3.278569698333740234e+00
5.975067138671875000e+00
8.362293243408203125e+00
8.080167770385742188e+00
1.064845275878906250e+01
1.113016223907470703e+01
1.168273925781250000e+01
1.132151603698730469e+01
8.135021209716796875e+00
8.027799606323242188e+00
-4.638621931007946841e-07
-6.411524111626931699e-08
2.766742229461669922e+00
3.942250251770019531e+00
5.966566085815429688e+00
8.242113113403320312e+00
9.925592422485351562e+00
9.749286651611328125e+00
9.229911804199218750e+00
1.165703010559082031e+01
1.098587226867675781e+01
8.260099411010742188e+00
7.986625194549560547e+00
-4.638621931007946841e-07
-6.774679661702975864e-08
2.633947849273681641e+00
3.400996923446655273e+00
5.530076980590820312e+00
7.514874458312988281e+00
8.405851364135742188e+00
8.969535827636718750e+00
9.021018981933593750e+00
1.139632892608642578e+01
1.087306785583496094e+01
8.134787559509277344e+00
7.952633857727050781e+00
-4.638621931007946841e-07
-8.905333714892549324e-08
2.005474090576171875e+00
3.436211347579956055e+00
5.543412685394287109e+00
8.105856895446777344e+00
8.320428848266601562e+00
9.938993453979492188e+00
1.025251388549804688e+01
1.292350769042968750e+01
1.215332603454589844e+01
9.474186897277832031e+00
8.100753784179687500e+00
-4.638621931007946841e-07
-7.531949108852131758e-08
2.567214488983154297e+00
3.596435785293579102e+00
5.393267154693603516e+00
6.970039367675781250e+00
7.400139331817626953e+00
9.380563735961914062e+00
1.193235206604003906e+01
1.203336334228515625e+01
1.167438507080078125e+01
8.877548217773437500e+00
7.936844825744628906e+00
-4.638621931007946841e-07
-8.576724042086425470e-08
2.183948040008544922e+00
3.166514396667480469e+00
4.702989578247070312e+00
6.294763088226318359e+00
6.365315437316894531e+00
8.171093940734863281e+00
1.117107772827148438e+01
1.004743385314941406e+01
1.040202426910400391e+01
8.171470642089843750e+00
7.898114681243896484e+00
-4.638621931007946841e-07
-8.279548069367592689e-08
2.749929428100585938e+00
3.281609535217285156e+00
4.742702484130859375e+00
5.937594890594482422e+00
5.929790019989013672e+00
8.403059005737304688e+00
1.106793975830078125e+01
9.776168823242187500e+00
1.020441627502441406e+01
8.239277839660644531e+00
7.789477825164794922e+00
-4.638621931007946841e-07
-7.119153622170415474e-08
2.313886165618896484e+00
3.081443548202514648e+00
5.456641674041748047e+00
7.157288074493408203e+00
6.415688514709472656e+00
1.080718517303466797e+01
1.239395332336425781e+01
1.045148849487304688e+01
1.014029693603515625e+01
7.727738380432128906e+00
7.606721878051757812e+00
-4.638621931007946841e-07
-8.153220676376804477e-08
2.863682746887207031e+00
3.216438293457031250e+00
5.696382522583007812e+00
7.474094867706298828e+00
7.288577079772949219e+00
1.030731391906738281e+01
8.822391510009765625e+00
1.111161231994628906e+01
1.081903648376464844e+01
7.948992252349853516e+00
8.183540344238281250e+00
-4.638621931007946841e-07
-9.227674269141061814e-08
2.664540767669677734e+00
2.859874963760375977e+00
5.454153537750244141e+00
7.084572315216064453e+00
7.221484661102294922e+00
9.601249694824218750e+00
1.100174713134765625e+01
1.136479568481445312e+01
1.076078033447265625e+01
8.330414772033691406e+00
8.068239212036132812e+00
-4.638621931007946841e-07
-7.440161908789377776e-08
2.623966693878173828e+00
3.550064802169799805e+00
4.804304122924804688e+00
6.491678237915039062e+00
6.202886581420898438e+00
8.516423225402832031e+00
1.005048561096191406e+01
8.481361389160156250e+00
9.492288589477539062e+00
7.529423713684082031e+00
7.749426364898681641e+00
-4.638621931007946841e-07
-8.016407804234404466e-08
2.608238697052001953e+00
3.562754869461059570e+00
6.516371726989746094e+00
8.336874008178710938e+00
8.868135452270507812e+00
1.100321674346923828e+01
1.318184471130371094e+01
1.208067035675048828e+01
1.128320121765136719e+01
8.601161003112792969e+00
7.813145637512207031e+00
-4.638621931007946841e-07
-9.068153161706504761e-08
3.051462650299072266e+00
3.385331869125366211e+00
5.937660217285156250e+00
7.444284439086914062e+00
8.221939086914062500e+00
1.185909175872802734e+01
1.321337699890136719e+01
1.230989456176757812e+01
1.163984394073486328e+01
8.628021240234375000e+00
7.947589397430419922e+00
-4.638621931007946841e-07
-8.231348402887306293e-08
2.649604082107543945e+00
3.372757673263549805e+00
6.248007297515869141e+00
8.088130950927734375e+00
8.142757415771484375e+00
1.081450462341308594e+01
1.271951293945312500e+01
1.241764259338378906e+01
1.184098434448242188e+01
8.830150604248046875e+00
7.874981880187988281e+00
-4.638621931007946841e-07
-7.872770879657764453e-08
2.485137462615966797e+00
3.066812276840209961e+00
5.544294357299804688e+00
7.101503849029541016e+00
7.265551090240478516e+00
1.006939029693603516e+01
1.219133377075195312e+01
1.162602233886718750e+01
1.144227027893066406e+01
8.840148925781250000e+00
7.721917152404785156e+00
-4.638621931007946841e-07
-5.813383907593561162e-08
2.472779273986816406e+00
3.117684841156005859e+00
5.043002128601074219e+00
7.342359542846679688e+00
5.783293724060058594e+00
8.979034423828125000e+00
8.426364898681640625e+00
1.129003143310546875e+01
1.086273860931396484e+01
8.431570053100585938e+00
7.432586669921875000e+00
-4.638621931007946841e-07
-5.451739326645110850e-08
2.771527290344238281e+00
3.312298059463500977e+00
5.872016906738281250e+00
7.103524208068847656e+00
7.446263313293457031e+00
1.040134620666503906e+01
1.137395763397216797e+01
1.116740989685058594e+01
1.060231208801269531e+01
8.155727386474609375e+00
7.660664558410644531e+00
-4.638621931007946841e-07
-4.169387679553437920e-08
2.683285474777221680e+00
3.771141052246093750e+00
6.026442527770996094e+00
7.772299766540527344e+00
8.947820663452148438e+00
9.783735275268554688e+00
1.166220092773437500e+01
1.026103210449218750e+01
1.125673103332519531e+01
8.780857086181640625e+00
8.050632476806640625e+00
-4.638621931007946841e-07
-6.290810006248648278e-08
2.564750671386718750e+00
3.272432327270507812e+00
5.476230621337890625e+00
6.336417198181152344e+00
6.734832763671875000e+00
8.394435882568359375e+00
1.081315994262695312e+01
1.056789112091064453e+01
1.044580078125000000e+01
8.375772476196289062e+00
7.506725311279296875e+00
-4.638621931007946841e-07
-5.832891503132486832e-08
2.359485864639282227e+00
3.412675857543945312e+00
6.256971836090087891e+00
8.335561752319335938e+00
8.215751647949218750e+00
1.039878082275390625e+01
9.419021606445312500e+00
1.140392780303955078e+01
1.129312133789062500e+01
8.890741348266601562e+00
7.915073394775390625e+00
-4.638621931007946841e-07
-6.526040152721179766e-08
2.558791399002075195e+00
3.470423698425292969e+00
5.849161148071289062e+00
7.698999881744384766e+00
8.074424743652343750e+00
1.021906280517578125e+01
9.639864921569824219e+00
1.196118927001953125e+01
1.144697952270507812e+01
8.764638900756835938e+00
8.022176742553710938e+00
-4.638621931007946841e-07
-6.946607555846640025e-08
2.157928228378295898e+00
3.564068794250488281e+00
5.411353111267089844e+00
5.918759346008300781e+00
7.102091789245605469e+00
1.038237190246582031e+01
1.226901054382324219e+01
1.096856307983398438e+01
1.042189216613769531e+01
8.609797477722167969e+00
7.700514316558837891e+00
-4.638621931007946841e-07
-6.307644895287012332e-08
2.523960590362548828e+00
3.540753364562988281e+00
4.725205421447753906e+00
5.740903854370117188e+00
6.252622604370117188e+00
8.939665794372558594e+00
1.113090133666992188e+01
1.112295341491699219e+01
1.006867027282714844e+01
8.125093460083007812e+00
7.697978973388671875e+00
-4.638621931007946841e-07
-8.177087096328250482e-08
2.203974246978759766e+00
3.095684289932250977e+00
4.864712715148925781e+00
6.004978656768798828e+00
7.401296615600585938e+00
8.236885070800781250e+00
1.148114585876464844e+01
1.034937286376953125e+01
1.061031246185302734e+01
8.195819854736328125e+00
7.844333171844482422e+00
-4.638621931007946841e-07
-7.165998994196343119e-08
2.439447879791259766e+00
3.439794063568115234e+00
5.551126480102539062e+00
7.390555381774902344e+00
7.222924709320068359e+00
1.003325176239013672e+01
1.139178562164306641e+01
1.135134887695312500e+01
1.066458415985107422e+01
8.256750106811523438e+00
7.773086547851562500e+00
-4.638621931007946841e-07
-7.889914854786184151e-08
2.103695392608642578e+00
3.497958183288574219e+00
5.208950042724609375e+00
6.413792610168457031e+00
7.501450061798095703e+00
1.019527816772460938e+01
1.239720153808593750e+01
1.120746898651123047e+01
1.185230636596679688e+01
8.626377105712890625e+00
8.224954605102539062e+00
-4.638621931007946841e-07
-6.696249954529776005e-08
2.329744815826416016e+00
3.317332267761230469e+00
4.917539596557617188e+00
6.585928440093994141e+00
7.675811767578125000e+00
1.151512908935546875e+01
1.246870613098144531e+01
1.165614223480224609e+01
1.120303440093994141e+01
8.487581253051757812e+00
7.376109123229980469e+00
-4.638621931007946841e-07
-9.997349081913853297e-08
2.295017242431640625e+00
3.301463842391967773e+00
4.969292640686035156e+00
5.899612426757812500e+00
6.482782840728759766e+00
9.063381195068359375e+00
1.084678649902343750e+01
1.130539894104003906e+01
1.057093143463134766e+01
7.929964065551757812e+00
7.537993431091308594e+00
-4.638621931007946841e-07
-1.130069762211860507e-07
2.671940326690673828e+00
3.090224742889404297e+00
4.856689453125000000e+00
6.691481113433837891e+00
7.144730567932128906e+00
9.686069488525390625e+00
1.132585334777832031e+01
1.108012485504150391e+01
1.058246231079101562e+01
7.786002159118652344e+00
7.608873367309570312e+00
-4.638621931007946841e-07
-6.160114907061142731e-08
2.371201753616333008e+00
3.282196521759033203e+00
5.741833209991455078e+00
8.081548690795898438e+00
8.164796829223632812e+00
1.042172241210937500e+01
9.006532669067382812e+00
1.139344406127929688e+01
1.073668098449707031e+01
7.907181739807128906e+00
7.963509559631347656e+00
-4.638621931007946841e-07
-7.621398623314235010e-08
3.052686929702758789e+00
3.495985507965087891e+00
6.007258892059326172e+00
7.371228218078613281e+00
7.212835311889648438e+00
9.494783401489257812e+00
9.760622978210449219e+00
1.192746543884277344e+01
1.133998298645019531e+01
8.574838638305664062e+00
7.405573368072509766e+00
-4.638621931007946841e-07
-9.429661673721057014e-08
2.508891582489013672e+00
3.109215021133422852e+00
5.311179161071777344e+00
7.373217105865478516e+00
8.131322860717773438e+00
1.049655151367187500e+01
1.189678192138671875e+01
1.086940670013427734e+01
1.030437660217285156e+01
7.783848762512207031e+00
7.224482536315917969e+00
-4.638621931007946841e-07
-6.977320765599870356e-08
2.571777820587158203e+00
3.353425741195678711e+00
5.749779701232910156e+00
7.562490940093994141e+00
8.429233551025390625e+00
1.070934104919433594e+01
1.247025489807128906e+01
1.191527462005615234e+01
1.138506126403808594e+01
8.679552078247070312e+00
7.726682662963867188e+00
-4.638621931007946841e-07
-8.193644873699668096e-08
2.692228794097900391e+00
3.624870300292968750e+00
5.878235340118408203e+00
8.341167449951171875e+00
9.044655799865722656e+00
1.171817588806152344e+01
1.339811134338378906e+01
1.214513111114501953e+01
1.125814056396484375e+01
8.879253387451171875e+00
7.800149917602539062e+00
-4.638621931007946841e-07
-9.057054484173931996e-08
2.491452932357788086e+00
3.496041774749755859e+00
5.745100021362304688e+00
8.060315132141113281e+00
8.141342163085937500e+00
1.105670166015625000e+01
1.334950256347656250e+01
1.201667690277099609e+01
1.196971893310546875e+01
8.645385742187500000e+00
7.760142326354980469e+00
-4.638621931007946841e-07
-9.304579151603320497e-08
2.626605749130249023e+00
3.313535451889038086e+00
6.030158042907714844e+00
8.142477989196777344e+00
8.894046783447265625e+00
1.127325439453125000e+01
1.364504814147949219e+01
1.240070152282714844e+01
1.191544151306152344e+01
8.799407005310058594e+00
7.793377876281738281e+00
-4.638621931007946841e-07
-8.846034660336954403e-08
2.716182231903076172e+00
3.582856178283691406e+00
6.108820915222167969e+00
8.252738952636718750e+00
8.705444335937500000e+00
1.150876998901367188e+01
1.344981193542480469e+01
1.249028205871582031e+01
1.169200515747070312e+01
8.896802902221679688e+00
7.755010604858398438e+00
-4.638621931007946841e-07
-1.139839227448646852e-07
2.331985950469970703e+00
2.969830513000488281e+00
5.601761341094970703e+00
7.911701202392578125e+00
8.501734733581542969e+00
1.117941856384277344e+01
1.334235954284667969e+01
1.238594818115234375e+01
1.172546672821044922e+01
8.586341857910156250e+00
7.381228923797607422e+00
-4.638621931007946841e-07
-1.034507306485465961e-07
2.555326461791992188e+00
3.134088039398193359e+00
6.004085540771484375e+00
7.892619132995605469e+00
8.471520423889160156e+00
1.102891254425048828e+01
1.323437690734863281e+01
1.193712043762207031e+01
1.116724967956542969e+01
8.550485610961914062e+00
7.727668285369873047e+00
-4.638621931007946841e-07
-9.431263237047460279e-08
2.443509578704833984e+00
3.191519260406494141e+00
5.978792190551757812e+00
8.087862014770507812e+00
8.636499404907226562e+00
1.133719158172607422e+01
1.372757720947265625e+01
1.234781646728515625e+01
1.164155101776123047e+01
8.541898727416992188e+00
7.453115463256835938e+00
-4.638621931007946841e-07
-1.015064228226947307e-07
2.417460441589355469e+00
3.417190551757812500e+00
5.670541286468505859e+00
7.668779373168945312e+00
8.532793045043945312e+00
1.128424835205078125e+01
1.299565505981445312e+01
1.223150634765625000e+01
1.145672416687011719e+01
8.418472290039062500e+00
7.370373725891113281e+00
-4.638621931007946841e-07
-9.409620815858943388e-08
2.818039655685424805e+00
3.344393730163574219e+00
6.139249324798583984e+00
7.395495414733886719e+00
7.641838073730468750e+00
1.104002952575683594e+01
1.333421134948730469e+01
1.133981037139892578e+01
1.162599277496337891e+01
8.643209457397460938e+00
7.819125175476074219e+00
-4.638621931007946841e-07
-1.130658660031258478e-07
2.373522281646728516e+00
2.869144201278686523e+00
5.157448291778564453e+00
7.313868522644042969e+00
6.303829669952392578e+00
9.976774215698242188e+00
9.706558227539062500e+00
1.153795433044433594e+01
1.138598823547363281e+01
8.605589866638183594e+00
8.249698638916015625e+00
-4.638621931007946841e-07
-9.589175675728256465e-08
2.541356563568115234e+00
3.111906051635742188e+00
5.073089122772216797e+00
7.463636398315429688e+00
7.610018730163574219e+00
1.098339653015136719e+01
1.198524093627929688e+01
1.061303138732910156e+01
1.049034881591796875e+01
8.143182754516601562e+00
8.038365364074707031e+00
-4.638621931007946841e-07
-9.613618345838403911e-08
2.203466892242431641e+00
2.719251632690429688e+00
4.024645805358886719e+00
4.582076072692871094e+00
4.664797782897949219e+00
6.241068840026855469e+00
8.216930389404296875e+00
8.742193222045898438e+00
9.492370605468750000e+00
6.766144275665283203e+00
7.646162033081054688e+00
-4.638621931007946841e-07
-6.348797398914030055e-08
2.188529729843139648e+00
3.044306039810180664e+00
4.912862300872802734e+00
7.136310577392578125e+00
7.427762985229492188e+00
9.836458206176757812e+00
1.235899925231933594e+01
1.115902614593505859e+01
1.097756385803222656e+01
8.196350097656250000e+00
8.180772781372070312e+00
-4.638621931007946841e-07
-7.961289583136021974e-08
2.567975044250488281e+00
3.352185726165771484e+00
5.850956439971923828e+00
7.534580230712890625e+00
7.832524776458740234e+00
1.077864837646484375e+01
1.215652465820312500e+01
1.169950962066650391e+01
1.115187931060791016e+01
8.294894218444824219e+00
8.146544456481933594e+00
-4.638621931007946841e-07
-4.931053254608741554e-08
2.607023715972900391e+00
3.380301237106323242e+00
4.573368549346923828e+00
7.193694591522216797e+00
6.987729072570800781e+00
8.790283203125000000e+00
7.897827148437500000e+00
1.098102378845214844e+01
1.097894287109375000e+01
8.040300369262695312e+00
7.822968482971191406e+00
-4.638621931007946841e-07
-6.001268104682822013e-08
2.199147462844848633e+00
3.236532211303710938e+00
5.215500831604003906e+00
6.404853343963623047e+00
7.172091484069824219e+00
9.372621536254882812e+00
1.136846160888671875e+01
1.062285995483398438e+01
1.054443168640136719e+01
8.525415420532226562e+00
7.813393592834472656e+00
-4.638621931007946841e-07
-7.697859416566643631e-08
2.480906963348388672e+00
2.990415573120117188e+00
4.697849750518798828e+00
5.763665199279785156e+00
7.396617889404296875e+00
7.682781219482421875e+00
9.530793190002441406e+00
1.081483840942382812e+01
1.024800014495849609e+01
7.604212284088134766e+00
8.188785552978515625e+00
-4.638621931007946841e-07
-5.487221699240762973e-08
2.817028522491455078e+00
2.814466953277587891e+00
4.436515808105468750e+00
6.189084053039550781e+00
6.257710933685302734e+00
8.152102470397949219e+00
1.068649482727050781e+01
1.035070419311523438e+01
1.015591239929199219e+01
7.746428489685058594e+00
7.347612857818603516e+00
-4.638621931007946841e-07
-8.421852015771946753e-08
1.849030733108520508e+00
3.115552425384521484e+00
4.880250453948974609e+00
6.116559982299804688e+00
7.292419910430908203e+00
9.570979118347167969e+00
1.085285472869873047e+01
1.028981685638427734e+01
1.065368843078613281e+01
8.050381660461425781e+00
7.227609157562255859e+00
-4.638621931007946841e-07
-5.367628475028141111e-08
2.507637023925781250e+00
3.418850183486938477e+00
5.026102066040039062e+00
6.582953453063964844e+00
7.140835762023925781e+00
8.321929931640625000e+00
1.028680038452148438e+01
9.391540527343750000e+00
1.042298126220703125e+01
8.109242439270019531e+00
7.657360076904296875e+00
-4.638621931007946841e-07
-2.729967540915367863e-08
2.710642337799072266e+00
3.361310958862304688e+00
5.224397659301757812e+00
6.408333778381347656e+00
6.646656990051269531e+00
9.359199523925781250e+00
1.125775146484375000e+01
1.053197479248046875e+01
1.123385810852050781e+01
8.786022186279296875e+00
7.809900283813476562e+00
-4.638621931007946841e-07
-6.747156078290572623e-08
2.581861019134521484e+00
3.530605792999267578e+00
5.010470390319824219e+00
6.648031234741210938e+00
6.161315917968750000e+00
8.699695587158203125e+00
8.467193603515625000e+00
1.057562255859375000e+01
1.054113769531250000e+01
7.970180511474609375e+00
7.323842048645019531e+00
-4.638621931007946841e-07
-1.065634478436550125e-07
2.345273256301879883e+00
3.016357898712158203e+00
5.581328868865966797e+00
7.546636581420898438e+00
7.279198646545410156e+00
1.036600875854492188e+01
9.522006034851074219e+00
1.219559955596923828e+01
1.095115852355957031e+01
8.613639831542968750e+00
7.201440811157226562e+00
-4.638621931007946841e-07
-7.079376729279829306e-08
2.551061391830444336e+00
3.188654899597167969e+00
5.765364646911621094e+00
8.092978477478027344e+00
7.191274166107177734e+00
9.915376663208007812e+00
8.749446868896484375e+00
1.129155731201171875e+01
1.080350303649902344e+01
8.064571380615234375e+00
7.828223228454589844e+00
-4.638621931007946841e-07
-6.157166154707738315e-08
2.738865852355957031e+00
3.737258434295654297e+00
5.515489578247070312e+00
7.432398319244384766e+00
9.403410911560058594e+00
1.265383911132812500e+01
9.888975143432617188e+00
9.328330993652343750e+00
1.001480484008789062e+01
7.890462875366210938e+00
7.782371520996093750e+00
-4.638621931007946841e-07
-8.784309102338738739e-08
2.490890026092529297e+00
2.968610286712646484e+00
4.696728706359863281e+00
5.308923721313476562e+00
5.330644607543945312e+00
7.967282295227050781e+00
9.663747787475585938e+00
1.026794052124023438e+01
9.907677650451660156e+00
8.042350769042968750e+00
7.805209159851074219e+00
-4.638621931007946841e-07
