-4.951505616190843284e-06
2.501823425292968750e+00
3.655421257019042969e+00
5.558937072753906250e+00
7.099901199340820312e+00
6.512583732604980469e+00
8.867497444152832031e+00
1.060767364501953125e+01
1.036014747619628906e+01
1.046416568756103516e+01
8.201241493225097656e+00
7.875467300415039062e+00
-2.704286271182354540e-05
-4.466282916837371886e-06
2.575349092483520508e+00
3.153042316436767578e+00
5.103872299194335938e+00
6.457322120666503906e+00
5.806049823760986328e+00
8.741258621215820312e+00
1.107415580749511719e+01
9.465618133544921875e+00
1.033313369750976562e+01
7.344945907592773438e+00
7.745550155639648438e+00
-2.704286271182354540e-05
-3.381160240678582340e-06
2.573114156723022461e+00
3.361894369125366211e+00
4.909504890441894531e+00
6.226195812225341797e+00
5.675642490386962891e+00
8.151794433593750000e+00
9.061122894287109375e+00
1.030882835388183594e+01
1.062062835693359375e+01
8.135884284973144531e+00
8.112749099731445312e+00
-2.704286271182354540e-05
-3.562229039744124748e-06
2.811449289321899414e+00
3.250855445861816406e+00
4.767799377441406250e+00
6.141470432281494141e+00
7.028624534606933594e+00
5.133266448974609375e+00
6.715131759643554688e+00
8.969045639038085938e+00
1.045115947723388672e+01
7.989171981811523438e+00
7.541100502014160156e+00
-2.704286271182354540e-05
-4.407721917232265696e-06
2.800828456878662109e+00
3.845215320587158203e+00
5.599721431732177734e+00
6.038194656372070312e+00
5.810678482055664062e+00
8.146370887756347656e+00
9.503425598144531250e+00
9.261581420898437500e+00
1.033717536926269531e+01
7.648304462432861328e+00
8.022302627563476562e+00
-2.704286271182354540e-05
-4.372361672722036019e-06
3.288789033889770508e+00
3.813985586166381836e+00
5.811540603637695312e+00
6.596938610076904297e+00
6.800463199615478516e+00
9.939765930175781250e+00
1.069275474548339844e+01
1.110814952850341797e+01
1.092668151855468750e+01
7.898286819458007812e+00
7.921478271484375000e+00
-2.704286271182354540e-05
-2.650904662004904822e-06
3.321594953536987305e+00
4.000011444091796875e+00
5.512839794158935547e+00
7.610592365264892578e+00
6.338225364685058594e+00
9.305922508239746094e+00
1.009105396270751953e+01
1.016620063781738281e+01
1.036762809753417969e+01
7.468305110931396484e+00
8.079962730407714844e+00
-2.704286271182354540e-05
-4.244886440574191511e-06
2.562700271606445312e+00
3.281408786773681641e+00
4.969334602355957031e+00
6.448449611663818359e+00
6.720637798309326172e+00
7.834383964538574219e+00
9.825843811035156250e+00
9.864410400390625000e+00
1.053894519805908203e+01
7.398700714111328125e+00
7.764438629150390625e+00
-2.704286271182354540e-05
-4.717704996437532827e-06
2.511682033538818359e+00
3.925612926483154297e+00
5.514447212219238281e+00
8.098722457885742188e+00
8.458664894104003906e+00
1.018931961059570312e+01
1.234750652313232422e+01
1.092018604278564453e+01
1.116540241241455078e+01
8.710876464843750000e+00
8.072862625122070312e+00
-2.704286271182354540e-05
-3.730655862455023453e-06
2.082879066467285156e+00
2.912565946578979492e+00
5.427015304565429688e+00
7.062093257904052734e+00
7.963490486145019531e+00
9.346163749694824219e+00
9.509161949157714844e+00
1.131122875213623047e+01
1.107103538513183594e+01
8.411017417907714844e+00
8.233736991882324219e+00
-2.704286271182354540e-05
-3.911514340870780870e-06
2.996823310852050781e+00
3.585031509399414062e+00
5.492550849914550781e+00
6.595464229583740234e+00
4.906245231628417969e+00
5.899757385253906250e+00
7.704436302185058594e+00
1.009554195404052734e+01
1.037611007690429688e+01
7.277837276458740234e+00
7.823877811431884766e+00
-2.704286271182354540e-05
-4.182829798082821071e-06
2.460966587066650391e+00
3.333384990692138672e+00
5.742755889892578125e+00
7.203148365020751953e+00
5.897751331329345703e+00
8.765829086303710938e+00
9.336891174316406250e+00
1.058793258666992188e+01
1.093081855773925781e+01
8.004039764404296875e+00
7.741435527801513672e+00
-2.704286271182354540e-05
-4.086367880518082529e-06
2.066546440124511719e+00
3.016963005065917969e+00
5.439488410949707031e+00
6.140750408172607422e+00
4.372185230255126953e+00
5.766614913940429688e+00
9.340927124023437500e+00
1.005739974975585938e+01
1.005414009094238281e+01
7.744617462158203125e+00
7.681637287139892578e+00
-2.704286271182354540e-05
-2.367775778111536056e-06
2.846894025802612305e+00
3.601852655410766602e+00
5.631127357482910156e+00
6.602711677551269531e+00
6.725901603698730469e+00
7.182475566864013672e+00
1.002860260009765625e+01
1.035130500793457031e+01
1.071313571929931641e+01
8.453775405883789062e+00
8.349828720092773438e+00
-2.704286271182354540e-05
-2.486441189830657095e-06
2.996824264526367188e+00
3.973068714141845703e+00
5.939392566680908203e+00
6.988299846649169922e+00
5.510242462158203125e+00
5.629501819610595703e+00
8.617054939270019531e+00
9.658980369567871094e+00
1.010118293762207031e+01
7.577991485595703125e+00
7.971896171569824219e+00
-2.704286271182354540e-05
-5.177289040148025379e-06
2.436366319656372070e+00
3.384991645812988281e+00
5.249480247497558594e+00
5.990726947784423828e+00
4.338238239288330078e+00
4.553868293762207031e+00
6.851792812347412109e+00
9.149449348449707031e+00
9.497680664062500000e+00
7.662963867187500000e+00
7.785470008850097656e+00
-2.704286271182354540e-05
-4.539881047094240785e-06
2.726522922515869141e+00
3.419301271438598633e+00
5.814728260040283203e+00
5.884090423583984375e+00
4.212051391601562500e+00
3.999862670898437500e+00
6.754401206970214844e+00
9.177101135253906250e+00
1.038356971740722656e+01
7.457033634185791016e+00
7.622440814971923828e+00
-2.704286271182354540e-05
-2.942809715023031458e-06
2.604645013809204102e+00
3.080475091934204102e+00
5.429061412811279297e+00
6.541430473327636719e+00
5.482068538665771484e+00
4.639797210693359375e+00
8.165820121765136719e+00
9.754551887512207031e+00
1.017345046997070312e+01
7.366456031799316406e+00
7.393576622009277344e+00
-2.704286271182354540e-05
-3.396538431843509898e-06
3.007265567779541016e+00
3.683962345123291016e+00
5.611411094665527344e+00
6.886252880096435547e+00
6.404667854309082031e+00
6.181235790252685547e+00
8.389048576354980469e+00
1.025673007965087891e+01
1.049131488800048828e+01
7.937808990478515625e+00
7.926237106323242188e+00
-2.704286271182354540e-05
-2.885772573790745810e-06
2.987494468688964844e+00
3.371997833251953125e+00
5.728275299072265625e+00
6.692716598510742188e+00
5.863931179046630859e+00
7.558587551116943359e+00
9.260705947875976562e+00
1.077635192871093750e+01
1.063908863067626953e+01
8.208102226257324219e+00
7.854351997375488281e+00
-2.704286271182354540e-05
-4.690934929385548458e-06
2.825478792190551758e+00
3.716305255889892578e+00
6.089197635650634766e+00
7.855093479156494141e+00
7.241152286529541016e+00
1.005751228332519531e+01
1.235181999206542969e+01
1.128771972656250000e+01
1.132601642608642578e+01
8.831371307373046875e+00
8.208175659179687500e+00
-2.704286271182354540e-05
-2.710399712668731809e-06
3.118667364120483398e+00
3.614485979080200195e+00
5.049742698669433594e+00
7.425155162811279297e+00
9.335945129394531250e+00
1.033049297332763672e+01
8.996104240417480469e+00
1.098845863342285156e+01
1.072362327575683594e+01
8.415479660034179688e+00
8.465709686279296875e+00
-2.704286271182354540e-05
-3.720543190866010264e-06
2.912690639495849609e+00
3.648434877395629883e+00
5.846500873565673828e+00
8.076623916625976562e+00
8.878189086914062500e+00
1.138453388214111328e+01
1.326460838317871094e+01
1.250136661529541016e+01
1.154216480255126953e+01
8.975811958312988281e+00
7.978618144989013672e+00
-2.704286271182354540e-05
-4.310107215133029968e-06
2.684836626052856445e+00
3.245838880538940430e+00
6.045606136322021484e+00
7.791897773742675781e+00
8.537122726440429688e+00
1.131625175476074219e+01
1.288771629333496094e+01
1.235784912109375000e+01
1.078178024291992188e+01
8.430583000183105469e+00
7.886907577514648438e+00
-2.704286271182354540e-05
-4.581734174280427396e-06
2.267110109329223633e+00
2.961349725723266602e+00
5.799906253814697266e+00
8.276235580444335938e+00
7.681600570678710938e+00
1.089352989196777344e+01
1.275225353240966797e+01
1.131498908996582031e+01
1.087957572937011719e+01
8.027626037597656250e+00
7.406123161315917969e+00
-2.704286271182354540e-05
-4.329572220740374178e-06
2.455183506011962891e+00
2.980157852172851562e+00
6.003196716308593750e+00
8.393006324768066406e+00
7.762805938720703125e+00
1.095719528198242188e+01
1.113517189025878906e+01
1.151171779632568359e+01
1.149709796905517578e+01
8.364545822143554688e+00
8.278018951416015625e+00
-2.704286271182354540e-05
-3.671904323709895834e-06
2.612730264663696289e+00
3.977185487747192383e+00
5.901878356933593750e+00
7.980216026306152344e+00
9.998584747314453125e+00
9.844575881958007812e+00
9.144919395446777344e+00
1.125458431243896484e+01
1.098631858825683594e+01
7.926837444305419922e+00
8.072179794311523438e+00
-2.704286271182354540e-05
-3.997122803411912173e-06
2.488392591476440430e+00
3.463100910186767578e+00
5.510629653930664062e+00
7.350146293640136719e+00
8.569987297058105469e+00
9.112567901611328125e+00
9.140796661376953125e+00
1.121869850158691406e+01
1.076080989837646484e+01
8.022785186767578125e+00
8.046152114868164062e+00
-2.704286271182354540e-05
-4.023562723887152970e-06
2.058225870132446289e+00
3.905737400054931641e+00
5.695034980773925781e+00
8.488081932067871094e+00
8.278205871582031250e+00
1.051211929321289062e+01
1.014859199523925781e+01
1.331383705139160156e+01
1.232647991180419922e+01
9.564762115478515625e+00
7.921539783477783203e+00
-2.704286271182354540e-05
-2.642756726345396601e-06
2.541785478591918945e+00
3.635862350463867188e+00
5.658524036407470703e+00
7.029955863952636719e+00
7.819680213928222656e+00
9.732147216796875000e+00
1.222718429565429688e+01
1.183768177032470703e+01
1.169368934631347656e+01
9.178846359252929688e+00
8.015018463134765625e+00
-2.704286271182354540e-05
-4.353699296189006418e-06
2.009944915771484375e+00
3.443470716476440430e+00
4.997684955596923828e+00
6.368217945098876953e+00
6.691541671752929688e+00
8.662580490112304688e+00
1.143492507934570312e+01
1.047166442871093750e+01
1.010840797424316406e+01
8.295767784118652344e+00
7.874907970428466797e+00
-2.704286271182354540e-05
-4.003577032563043758e-06
2.757266998291015625e+00
3.388525247573852539e+00
5.087430000305175781e+00
6.361265182495117188e+00
6.455817699432373047e+00
9.023656845092773438e+00
1.169688034057617188e+01
1.079785156250000000e+01
1.000596427917480469e+01
8.003020286560058594e+00
7.917359352111816406e+00
-2.704286271182354540e-05
-4.790632829099195078e-06
2.124146699905395508e+00
3.135858535766601562e+00
5.770883083343505859e+00
7.528365135192871094e+00
6.862052440643310547e+00
1.092109298706054688e+01
1.245375347137451172e+01
1.040562725067138672e+01
1.021634292602539062e+01
7.850262641906738281e+00
7.751339912414550781e+00
-2.704286271182354540e-05
-4.307050858187722042e-06
3.026905536651611328e+00
3.371680021286010742e+00
5.805265426635742188e+00
7.816924095153808594e+00
7.197555541992187500e+00
9.946044921875000000e+00
8.705072402954101562e+00
1.097389984130859375e+01
1.117423057556152344e+01
8.584617614746093750e+00
8.341810226440429688e+00
-2.704286271182354540e-05
-4.334827281127218157e-06
2.259567499160766602e+00
3.304322242736816406e+00
5.554386138916015625e+00
6.976488113403320312e+00
7.422182083129882812e+00
9.105900764465332031e+00
1.114257431030273438e+01
1.116711044311523438e+01
1.072358703613281250e+01
8.294361114501953125e+00
7.886899948120117188e+00
-2.704286271182354540e-05
-5.092011633678339422e-06
2.708482742309570312e+00
3.741556644439697266e+00
5.142816066741943359e+00
6.536260604858398438e+00
5.924772262573242188e+00
8.686894416809082031e+00
1.073178863525390625e+01
8.352730751037597656e+00
9.657881736755371094e+00
7.581897258758544922e+00
7.614047527313232422e+00
-2.704286271182354540e-05
-5.019417130824876949e-06
2.576434135437011719e+00
3.938140392303466797e+00
6.377449989318847656e+00
8.333761215209960938e+00
8.753365516662597656e+00
1.105117225646972656e+01
1.345442962646484375e+01
1.200945281982421875e+01
1.118660926818847656e+01
8.666737556457519531e+00
7.993301391601562500e+00
-2.704286271182354540e-05
-4.949484264216152951e-06
2.801142692565917969e+00
3.703390598297119141e+00
5.946485996246337891e+00
7.694108963012695312e+00
8.295169830322265625e+00
1.187187385559082031e+01
1.347764205932617188e+01
1.219105911254882812e+01
1.157319641113281250e+01
8.693579673767089844e+00
7.617694854736328125e+00
-2.704286271182354540e-05
-2.820964255079161376e-06
2.616809844970703125e+00
3.326635837554931641e+00
6.155088901519775391e+00
8.457573890686035156e+00
8.330245971679687500e+00
1.142181682586669922e+01
1.276664543151855469e+01
1.217724990844726562e+01
1.158047103881835938e+01
8.729552268981933594e+00
7.965489387512207031e+00
-2.704286271182354540e-05
-3.324293857076554559e-06
2.354449272155761719e+00
3.450101375579833984e+00
5.813355445861816406e+00
7.347071647644042969e+00
7.605686187744140625e+00
9.611248016357421875e+00
1.221303367614746094e+01
1.174889183044433594e+01
1.096232604980468750e+01
8.742934226989746094e+00
7.709175586700439453e+00
-2.704286271182354540e-05
-3.516026708894059993e-06
2.417804002761840820e+00
2.958094120025634766e+00
4.984713077545166016e+00
7.335844993591308594e+00
6.222807407379150391e+00
9.054912567138671875e+00
9.027855873107910156e+00
1.131374931335449219e+01
1.116901302337646484e+01
8.262434959411621094e+00
7.606474876403808594e+00
-2.704286271182354540e-05
-1.372766178064921405e-06
2.794293165206909180e+00
3.473315954208374023e+00
5.914693355560302734e+00
7.262516021728515625e+00
7.527819633483886719e+00
1.020233917236328125e+01
1.143750000000000000e+01
1.133725547790527344e+01
1.076763916015625000e+01
8.364011764526367188e+00
7.591520786285400391e+00
-2.704286271182354540e-05
-2.503950327081838623e-06
2.690971136093139648e+00
3.735671043395996094e+00
6.182342529296875000e+00
8.046508789062500000e+00
8.950354576110839844e+00
1.027087783813476562e+01
1.148959350585937500e+01
1.009151840209960938e+01
1.124849128723144531e+01
8.597017288208007812e+00
7.990213394165039062e+00
-2.704286271182354540e-05
-3.095412239417782985e-06
2.692551136016845703e+00
3.624837398529052734e+00
5.093105792999267578e+00
6.220133304595947266e+00
7.147786140441894531e+00
8.070932388305664062e+00
1.113776874542236328e+01
1.068055343627929688e+01
1.038425636291503906e+01
8.715169906616210938e+00
7.610215187072753906e+00
-2.704286271182354540e-05
-3.681228690766147338e-06
2.483324527740478516e+00
3.609844446182250977e+00
6.047914505004882812e+00
8.208137512207031250e+00
7.877328395843505859e+00
1.056304454803466797e+01
9.619082450866699219e+00
1.169725990295410156e+01
1.137885093688964844e+01
8.817222595214843750e+00
8.062995910644531250e+00
-2.704286271182354540e-05
-3.507881046971306205e-06
2.767891883850097656e+00
3.572803974151611328e+00
5.682636260986328125e+00
7.738752841949462891e+00
8.036162376403808594e+00
1.074094772338867188e+01
9.777251243591308594e+00
1.184325408935546875e+01
1.137225723266601562e+01
8.507701873779296875e+00
7.834240436553955078e+00
-2.704286271182354540e-05
-3.818395725829759613e-06
2.526601076126098633e+00
3.717769145965576172e+00
5.598379135131835938e+00
5.936871528625488281e+00
7.131321907043457031e+00
1.045227718353271484e+01
1.247282600402832031e+01
1.106439208984375000e+01
1.073581981658935547e+01
8.275657653808593750e+00
7.611534595489501953e+00
-2.704286271182354540e-05
-3.352888143126619980e-06
2.645160436630249023e+00
3.616164445877075195e+00
4.824046611785888672e+00
5.911782741546630859e+00
5.971547603607177734e+00
9.174364089965820312e+00
1.163079261779785156e+01
1.106286048889160156e+01
1.029032897949218750e+01
8.549692153930664062e+00
7.910442352294921875e+00
-2.704286271182354540e-05
-4.375811840873211622e-06
2.095294713973999023e+00
2.858000516891479492e+00
5.030885219573974609e+00
5.898272514343261719e+00
7.713105678558349609e+00
8.730998039245605469e+00
1.104814529418945312e+01
9.775426864624023438e+00
1.046147251129150391e+01
8.151020050048828125e+00
7.947519302368164062e+00
-2.704286271182354540e-05
-3.549895382093382068e-06
2.434316158294677734e+00
3.763108253479003906e+00
5.200419902801513672e+00
7.631723403930664062e+00
6.922763347625732422e+00
1.016684722900390625e+01
1.176599693298339844e+01
1.092149162292480469e+01
1.051257133483886719e+01
7.954375743865966797e+00
8.030506134033203125e+00
-2.704286271182354540e-05
-4.106912001589080319e-06
2.597681999206542969e+00
3.667506933212280273e+00
5.598836421966552734e+00
6.260715484619140625e+00
7.641757965087890625e+00
1.009465599060058594e+01
1.249551105499267578e+01
1.113696479797363281e+01
1.170080757141113281e+01
8.785267829895019531e+00
8.109285354614257812e+00
-2.704286271182354540e-05
-5.097586836200207472e-06
2.230516195297241211e+00
3.296503782272338867e+00
5.073941707611083984e+00
6.782878875732421875e+00
7.669120311737060547e+00
1.148325061798095703e+01
1.235904312133789062e+01
1.172287654876708984e+01
1.158829116821289062e+01
8.512954711914062500e+00
7.702355384826660156e+00
-2.704286271182354540e-05
-3.854850092466222122e-06
2.363631248474121094e+00
3.281569242477416992e+00
5.046836853027343750e+00
6.177152633666992188e+00
6.722690582275390625e+00
8.599681854248046875e+00
1.068922519683837891e+01
1.149577140808105469e+01
1.089576148986816406e+01
8.221515655517578125e+00
7.425851821899414062e+00
-2.704286271182354540e-05
-4.193348104308824986e-06
2.602090358734130859e+00
3.112627744674682617e+00
4.660631179809570312e+00
6.963018894195556641e+00
6.846354961395263672e+00
9.624161720275878906e+00
1.129070854187011719e+01
1.085423088073730469e+01
1.050961494445800781e+01
8.005311965942382812e+00
7.762785911560058594e+00
-2.704286271182354540e-05
-3.736914322871598415e-06
2.486186027526855469e+00
3.433914422988891602e+00
5.789305686950683594e+00
8.684200286865234375e+00
8.611598968505859375e+00
1.088514900207519531e+01
9.044920921325683594e+00
1.192244243621826172e+01
1.123651504516601562e+01
8.397300720214843750e+00
8.094604492187500000e+00
-2.704286271182354540e-05
-3.908761755155865103e-06
2.601137399673461914e+00
3.604820966720581055e+00
6.270278930664062500e+00
7.311124801635742188e+00
7.498169422149658203e+00
9.664374351501464844e+00
9.809626579284667969e+00
1.191989707946777344e+01
1.112740516662597656e+01
8.652091979980468750e+00
7.656785488128662109e+00
-2.704286271182354540e-05
-4.483420070755528286e-06
2.568763256072998047e+00
2.856106996536254883e+00
5.416131019592285156e+00
7.123757362365722656e+00
8.177568435668945312e+00
1.068212127685546875e+01
1.246742057800292969e+01
1.102190017700195312e+01
1.117237281799316406e+01
7.905013084411621094e+00
7.473753929138183594e+00
-2.704286271182354540e-05
-4.719477601611288264e-06
2.434285640716552734e+00
3.232697963714599609e+00
5.828125476837158203e+00
7.758139610290527344e+00
8.494123458862304688e+00
1.084440517425537109e+01
1.319122314453125000e+01
1.191168403625488281e+01
1.150647544860839844e+01
9.076558113098144531e+00
7.871353149414062500e+00
-2.704286271182354540e-05
-4.676304342865478247e-06
2.862320661544799805e+00
3.555837631225585938e+00
5.715895175933837891e+00
8.351320266723632812e+00
9.579301834106445312e+00
1.165947723388671875e+01
1.367823219299316406e+01
1.234000015258789062e+01
1.127187728881835938e+01
8.599485397338867188e+00
7.827556610107421875e+00
-2.704286271182354540e-05
-4.862534296989906579e-06
2.519165992736816406e+00
3.748166561126708984e+00
5.803648471832275391e+00
7.932321548461914062e+00
8.596710205078125000e+00
1.101913261413574219e+01
1.345050621032714844e+01
1.201816558837890625e+01
1.181579589843750000e+01
8.628353118896484375e+00
7.841658592224121094e+00
-2.704286271182354540e-05
-4.818310571863548830e-06
2.527053117752075195e+00
3.331463575363159180e+00
5.918686389923095703e+00
8.469810485839843750e+00
8.978147506713867188e+00
1.139534854888916016e+01
1.383957958221435547e+01
1.236546325683593750e+01
1.206814575195312500e+01
8.780550003051757812e+00
7.754755496978759766e+00
-2.704286271182354540e-05
-4.829278168472228572e-06
2.646794319152832031e+00
3.596582174301147461e+00
6.060603618621826172e+00
8.459791183471679688e+00
8.788398742675781250e+00
1.155647659301757812e+01
1.343933105468750000e+01
1.286990070343017578e+01
1.197508430480957031e+01
9.006936073303222656e+00
7.942979335784912109e+00
-2.704286271182354540e-05
-5.529232112166937441e-06
2.171487808227539062e+00
3.284469127655029297e+00
5.879269123077392578e+00
8.002434730529785156e+00
8.537712097167968750e+00
1.080471420288085938e+01
1.340403079986572266e+01
1.242360305786132812e+01
1.187716293334960938e+01
8.803015708923339844e+00
7.436092376708984375e+00
-2.704286271182354540e-05
-5.075692570244427770e-06
2.422404050827026367e+00
3.442281723022460938e+00
5.999597072601318359e+00
8.264845848083496094e+00
8.603746414184570312e+00
1.099131393432617188e+01
1.356398963928222656e+01
1.259926509857177734e+01
1.166093063354492188e+01
8.707603454589843750e+00
7.823257446289062500e+00
-2.704286271182354540e-05
-4.735416951007209718e-06
2.350517749786376953e+00
3.297109365463256836e+00
5.966606140136718750e+00
8.166957855224609375e+00
8.700455665588378906e+00
1.140342140197753906e+01
1.372174930572509766e+01
1.275320243835449219e+01
1.205673599243164062e+01
8.869329452514648438e+00
7.642767429351806641e+00
-2.704286271182354540e-05
-5.314947429724270478e-06
2.491194486618041992e+00
3.646257877349853516e+00
5.796243190765380859e+00
7.650895595550537109e+00
8.444708824157714844e+00
1.120194053649902344e+01
1.324066543579101562e+01
1.227530097961425781e+01
1.164476680755615234e+01
8.660428047180175781e+00
7.810907363891601562e+00
-2.704286271182354540e-05
-4.806208835361758247e-06
2.509706735610961914e+00
3.473632097244262695e+00
5.859726905822753906e+00
7.913012981414794922e+00
7.832760810852050781e+00
1.112280464172363281e+01
1.358658409118652344e+01
1.136145591735839844e+01
1.130114173889160156e+01
8.682800292968750000e+00
7.785614013671875000e+00
-2.704286271182354540e-05
-4.727677151095122099e-06
2.267654418945312500e+00
2.826572895050048828e+00
5.418388843536376953e+00
7.318558692932128906e+00
6.635489940643310547e+00
9.773763656616210938e+00
9.876333236694335938e+00
1.185444068908691406e+01
1.150893115997314453e+01
8.477758407592773438e+00
8.242342948913574219e+00
-2.704286271182354540e-05
-5.858146778336958960e-06
2.297184705734252930e+00
3.100030183792114258e+00
5.553267478942871094e+00
7.601694583892822266e+00
7.911725997924804688e+00
1.115809249877929688e+01
1.231830215454101562e+01
1.059365081787109375e+01
1.094605445861816406e+01
7.996580123901367188e+00
8.038893699645996094e+00
-2.704286271182354540e-05
-5.429453722172183916e-06
2.115479707717895508e+00
2.658169984817504883e+00
3.818293571472167969e+00
4.615745544433593750e+00
4.339313507080078125e+00
5.624748706817626953e+00
8.174023628234863281e+00
9.107628822326660156e+00
9.597672462463378906e+00
6.990839004516601562e+00
7.671918869018554688e+00
-2.704286271182354540e-05
-4.015546437585726380e-06
2.469639539718627930e+00
3.314155340194702148e+00
5.054672718048095703e+00
7.245287895202636719e+00
7.751265048980712891e+00
1.013492774963378906e+01
1.271665382385253906e+01
1.113359260559082031e+01
1.085251903533935547e+01
8.287430763244628906e+00
7.872691154479980469e+00
-2.704286271182354540e-05
-3.640176373664871790e-06
2.723316669464111328e+00
3.529400348663330078e+00
5.855425357818603516e+00
7.816081047058105469e+00
8.457126617431640625e+00
1.109198856353759766e+01
1.217361927032470703e+01
1.170198822021484375e+01
1.140283966064453125e+01
8.435731887817382812e+00
7.970887184143066406e+00
-2.704286271182354540e-05
-3.125004013782017864e-06
2.647702693939208984e+00
3.793724536895751953e+00
5.078075885772705078e+00
7.604860305786132812e+00
7.247719764709472656e+00
8.802401542663574219e+00
8.040109634399414062e+00
1.081692028045654297e+01
1.080992412567138672e+01
8.139575004577636719e+00
7.824079990386962891e+00
-2.704286271182354540e-05
-4.830125817534280941e-06
1.943611383438110352e+00
3.495498418807983398e+00
5.183479785919189453e+00
6.496010780334472656e+00
7.392676830291748047e+00
9.745334625244140625e+00
1.209282112121582031e+01
1.070664310455322266e+01
1.067093372344970703e+01
8.280222892761230469e+00
7.471495628356933594e+00
-2.704286271182354540e-05
-5.067853635409846902e-06
2.146656751632690430e+00
2.924829483032226562e+00
4.536267280578613281e+00
5.603577613830566406e+00
7.697532653808593750e+00
8.003123283386230469e+00
9.306071281433105469e+00
1.104407691955566406e+01
1.090472126007080078e+01
7.702362060546875000e+00
8.127322196960449219e+00
-2.704286271182354540e-05
-3.410888211874407716e-06
2.327834844589233398e+00
2.871043920516967773e+00
4.712154865264892578e+00
6.157292842864990234e+00
6.172017097473144531e+00
8.194922447204589844e+00
1.109512233734130859e+01
1.046455574035644531e+01
1.015287876129150391e+01
7.935666084289550781e+00
7.181884765625000000e+00
-2.704286271182354540e-05
-3.468024715402862057e-06
2.307603836059570312e+00
2.942387342453002930e+00
5.216516017913818359e+00
6.309199810028076172e+00
7.231859683990478516e+00
9.195610046386718750e+00
1.088015556335449219e+01
1.044578933715820312e+01
1.097832012176513672e+01
8.401365280151367188e+00
7.349722385406494141e+00
-2.704286271182354540e-05
-4.312900728109525517e-06
2.649695396423339844e+00
3.346996784210205078e+00
5.130494117736816406e+00
6.601205825805664062e+00
6.954716205596923828e+00
8.493900299072265625e+00
9.989593505859375000e+00
9.964630126953125000e+00
1.051122665405273438e+01
8.142467498779296875e+00
7.943473339080810547e+00
-2.704286271182354540e-05
-2.534478426241548732e-06
2.821411609649658203e+00
3.256382465362548828e+00
5.440079212188720703e+00
6.361721992492675781e+00
6.780277252197265625e+00
9.172169685363769531e+00
1.125878620147705078e+01
1.042197036743164062e+01
1.151664447784423828e+01
8.527998924255371094e+00
7.992635250091552734e+00
-2.704286271182354540e-05
-2.814264917105901986e-06
2.417500495910644531e+00
3.196222782135009766e+00
5.015290260314941406e+00
6.727879047393798828e+00
6.268068313598632812e+00
9.079312324523925781e+00
8.642035484313964844e+00
1.000500679016113281e+01
1.038509750366210938e+01
8.218269348144531250e+00
7.574116706848144531e+00
-2.704286271182354540e-05
-5.835593583469744772e-06
2.041743516921997070e+00
3.008068561553955078e+00
5.751396656036376953e+00
7.562264442443847656e+00
7.022530078887939453e+00
1.052985382080078125e+01
9.177846908569335938e+00
1.225285243988037109e+01
1.105976676940917969e+01
8.562995910644531250e+00
7.712378978729248047e+00
-2.704286271182354540e-05
-3.663202733150683343e-06
2.706744432449340820e+00
3.384401559829711914e+00
5.659131526947021484e+00
8.071975708007812500e+00
7.021202564239501953e+00
1.004151916503906250e+01
8.930524826049804688e+00
1.160857677459716797e+01
1.143642616271972656e+01
8.409217834472656250e+00
7.925631523132324219e+00
-2.704286271182354540e-05
-3.835634743154514581e-06
2.586054801940917969e+00
3.488539695739746094e+00
5.279755592346191406e+00
7.399920940399169922e+00
9.499493598937988281e+00
1.278363609313964844e+01
1.023490333557128906e+01
8.859607696533203125e+00
1.018693256378173828e+01
7.942711830139160156e+00
7.779826164245605469e+00
-2.704286271182354540e-05
-4.486274974624393508e-06
2.289038658142089844e+00
2.918500900268554688e+00
4.858685016632080078e+00
5.383831024169921875e+00
5.052994728088378906e+00
7.765747070312500000e+00
1.002954673767089844e+01
1.045730209350585938e+01
9.972310066223144531e+00
7.662959098815917969e+00
7.692683219909667969e+00
-2.704286271182354540e-05
