1.673993721418298719e-09
2.728319406509399414e+00
3.723779916763305664e+00
5.781107425689697266e+00
6.993456840515136719e+00
6.476366519927978516e+00
8.321489334106445312e+00
1.037716674804687500e+01
1.057354450225830078e+01
1.066493797302246094e+01
7.881537437438964844e+00
7.763675689697265625e+00
8.935639783658189117e-09
2.021463441082005374e-09
2.477245569229125977e+00
3.000592231750488281e+00
5.039324283599853516e+00
6.489690780639648438e+00
5.531093120574951172e+00
8.725192070007324219e+00
1.123565959930419922e+01
9.492931365966796875e+00
1.032794570922851562e+01
7.490978240966796875e+00
7.715288162231445312e+00
8.935639783658189117e-09
2.044484581631422770e-09
2.326316356658935547e+00
3.195801973342895508e+00
5.034917354583740234e+00
6.065194606781005859e+00
5.434254169464111328e+00
8.165460586547851562e+00
9.259164810180664062e+00
1.068435859680175781e+01
1.060610771179199219e+01
7.923539161682128906e+00
8.150924682617187500e+00
8.935639783658189117e-09
1.727316734090322825e-09
2.547868251800537109e+00
3.142923831939697266e+00
5.046253681182861328e+00
6.126543521881103516e+00
6.865753650665283203e+00
5.443167686462402344e+00
6.925648689270019531e+00
8.284822463989257812e+00
1.022534751892089844e+01
7.838050842285156250e+00
7.657261848449707031e+00
8.935639783658189117e-09
1.663902349235968359e-09
2.821886301040649414e+00
3.678206443786621094e+00
5.148668289184570312e+00
5.882876873016357422e+00
5.619458675384521484e+00
7.834736824035644531e+00
9.547332763671875000e+00
9.332000732421875000e+00
1.018272495269775391e+01
7.534388542175292969e+00
8.040441513061523438e+00
8.935639783658189117e-09
1.808465266428527229e-09
3.216345310211181641e+00
3.767308712005615234e+00
5.499060630798339844e+00
6.906791210174560547e+00
6.951234817504882812e+00
9.529392242431640625e+00
1.064413833618164062e+01
1.129138755798339844e+01
1.084350585937500000e+01
7.710633277893066406e+00
7.648626804351806641e+00
8.935639783658189117e-09
1.306045049886961351e-09
3.329663515090942383e+00
4.037129402160644531e+00
5.599530696868896484e+00
7.256097316741943359e+00
6.359956741333007812e+00
8.938575744628906250e+00
1.012970924377441406e+01
9.991823196411132812e+00
1.029251480102539062e+01
7.482961654663085938e+00
8.180384635925292969e+00
8.935639783658189117e-09
2.147517497164130873e-09
2.284809589385986328e+00
3.149120330810546875e+00
5.178302764892578125e+00
6.278724670410156250e+00
6.775912761688232422e+00
7.296307563781738281e+00
9.661467552185058594e+00
1.007431983947753906e+01
1.031737899780273438e+01
7.183655738830566406e+00
7.424000740051269531e+00
8.935639783658189117e-09
1.605013899563800805e-09
2.660829067230224609e+00
3.623471736907958984e+00
5.490764617919921875e+00
7.894264698028564453e+00
8.090979576110839844e+00
1.015228176116943359e+01
1.222289657592773438e+01
1.039965820312500000e+01
1.096976280212402344e+01
8.523465156555175781e+00
7.991171360015869141e+00
8.935639783658189117e-09
2.218918160323823940e-09
2.110070228576660156e+00
3.031119108200073242e+00
5.283624172210693359e+00
7.494727134704589844e+00
8.340673446655273438e+00
9.223845481872558594e+00
9.411886215209960938e+00
1.101576328277587891e+01
1.111362648010253906e+01
8.289419174194335938e+00
7.929829597473144531e+00
8.935639783658189117e-09
1.650712677658816574e-09
3.068400144577026367e+00
3.512559413909912109e+00
5.437498092651367188e+00
6.540207862854003906e+00
4.952765941619873047e+00
6.058767795562744141e+00
7.694558143615722656e+00
1.025476264953613281e+01
1.025810241699218750e+01
7.204784393310546875e+00
7.745451927185058594e+00
8.935639783658189117e-09
1.356067591551379792e-09
2.467661380767822266e+00
3.354664802551269531e+00
5.839549541473388672e+00
7.431720733642578125e+00
5.435026645660400391e+00
8.661260604858398438e+00
9.402995109558105469e+00
1.035783290863037109e+01
1.097766971588134766e+01
7.967149257659912109e+00
7.731944084167480469e+00
8.935639783658189117e-09
1.895756884806587550e-09
2.165162086486816406e+00
3.069077253341674805e+00
5.392931461334228516e+00
6.003463268280029297e+00
4.085991382598876953e+00
5.711580753326416016e+00
8.545181274414062500e+00
9.282127380371093750e+00
1.006828784942626953e+01
7.675133228302001953e+00
7.637842178344726562e+00
8.935639783658189117e-09
9.939639111777864855e-10
2.499020576477050781e+00
3.661480903625488281e+00
5.660840988159179688e+00
6.535010814666748047e+00
5.867289543151855469e+00
7.354439735412597656e+00
9.630812644958496094e+00
1.055324554443359375e+01
1.049767875671386719e+01
8.041733741760253906e+00
8.057019233703613281e+00
8.935639783658189117e-09
1.169477847895450395e-09
2.930905342102050781e+00
3.687834739685058594e+00
5.993816375732421875e+00
7.064015865325927734e+00
5.717936515808105469e+00
5.538812160491943359e+00
8.501169204711914062e+00
9.520131111145019531e+00
1.022355270385742188e+01
7.495003700256347656e+00
7.665067672729492188e+00
8.935639783658189117e-09
1.706443764071252644e-09
2.454188108444213867e+00
3.414303064346313477e+00
5.400009632110595703e+00
6.113685607910156250e+00
4.169837951660156250e+00
3.857804775238037109e+00
6.965903282165527344e+00
8.892820358276367188e+00
9.897047042846679688e+00
7.142979145050048828e+00
7.695799827575683594e+00
8.935639783658189117e-09
1.904023161358736616e-09
2.774681568145751953e+00
3.362138032913208008e+00
5.345091819763183594e+00
5.786749839782714844e+00
4.097942352294921875e+00
3.925224304199218750e+00
6.678545475006103516e+00
8.428473472595214844e+00
9.991260528564453125e+00
7.232802867889404297e+00
7.705405235290527344e+00
8.935639783658189117e-09
1.735318666540308641e-09
2.331960916519165039e+00
2.866343498229980469e+00
5.094786167144775391e+00
6.560660362243652344e+00
5.445718765258789062e+00
4.892971038818359375e+00
7.908238887786865234e+00
9.664108276367187500e+00
1.013887214660644531e+01
7.256635189056396484e+00
7.554819107055664062e+00
8.935639783658189117e-09
1.477622246781606918e-09
2.671701431274414062e+00
3.802694320678710938e+00
5.516606807708740234e+00
7.140915870666503906e+00
5.890858650207519531e+00
6.114603996276855469e+00
8.527695655822753906e+00
1.020774078369140625e+01
1.064051151275634766e+01
8.225665092468261719e+00
8.179533004760742188e+00
8.935639783658189117e-09
1.517476699852693400e-09
2.648154973983764648e+00
3.561266899108886719e+00
5.613630294799804688e+00
6.615943431854248047e+00
5.209853172302246094e+00
7.283909797668457031e+00
9.260259628295898438e+00
1.047121429443359375e+01
1.085695075988769531e+01
8.204710960388183594e+00
7.753973484039306641e+00
8.935639783658189117e-09
2.486649774979809990e-09
2.776426076889038086e+00
3.677707195281982422e+00
6.025028705596923828e+00
8.005307197570800781e+00
7.123074531555175781e+00
1.018127059936523438e+01
1.221359443664550781e+01
1.076955795288085938e+01
1.150667190551757812e+01
8.570386886596679688e+00
8.119192123413085938e+00
8.935639783658189117e-09
1.326520671085518188e-09
2.895151853561401367e+00
3.738554000854492188e+00
5.204576969146728516e+00
7.671572685241699219e+00
9.440437316894531250e+00
1.038413047790527344e+01
9.373860359191894531e+00
1.076674842834472656e+01
1.029804134368896484e+01
8.085217475891113281e+00
8.328371047973632812e+00
8.935639783658189117e-09
1.442964303599580944e-09
2.556382417678833008e+00
3.313580036163330078e+00
5.631305217742919922e+00
8.037492752075195312e+00
8.782222747802734375e+00
1.104390335083007812e+01
1.272566032409667969e+01
1.213404846191406250e+01
1.141084575653076172e+01
8.760922431945800781e+00
8.085433006286621094e+00
8.935639783658189117e-09
1.360942136763299004e-09
2.494370937347412109e+00
3.265613317489624023e+00
5.867132186889648438e+00
7.777797222137451172e+00
8.188608169555664062e+00
1.118272209167480469e+01
1.267021656036376953e+01
1.209549140930175781e+01
1.089856529235839844e+01
8.455347061157226562e+00
7.830092430114746094e+00
8.935639783658189117e-09
1.805090299455969216e-09
2.249217748641967773e+00
3.208415269851684570e+00
5.705946445465087891e+00
8.213943481445312500e+00
8.042715072631835938e+00
1.120274734497070312e+01
1.210150432586669922e+01
1.111428451538085938e+01
1.106123542785644531e+01
7.913646221160888672e+00
7.408082962036132812e+00
8.935639783658189117e-09
1.646526248677560034e-09
2.318625688552856445e+00
3.445999622344970703e+00
5.738382816314697266e+00
8.428766250610351562e+00
7.962406158447265625e+00
1.105197334289550781e+01
1.123669719696044922e+01
1.190965843200683594e+01
1.132880973815917969e+01
8.407699584960937500e+00
7.823709487915039062e+00
8.935639783658189117e-09
1.244598313299150050e-09
2.833993911743164062e+00
3.774379014968872070e+00
5.968269348144531250e+00
8.323102951049804688e+00
9.844604492187500000e+00
9.643692970275878906e+00
9.092126846313476562e+00
1.164178276062011719e+01
1.095352935791015625e+01
7.887567996978759766e+00
8.142761230468750000e+00
8.935639783658189117e-09
1.426782803015669288e-09
2.512614488601684570e+00
3.219452619552612305e+00
5.497254848480224609e+00
7.298974990844726562e+00
8.626303672790527344e+00
8.988284111022949219e+00
8.775545120239257812e+00
1.113783073425292969e+01
1.098912906646728516e+01
7.880535602569580078e+00
7.907094955444335938e+00
8.935639783658189117e-09
1.827868856274506015e-09
2.031945228576660156e+00
3.606698989868164062e+00
5.297826290130615234e+00
8.272430419921875000e+00
8.350822448730468750e+00
1.013638019561767578e+01
1.038990211486816406e+01
1.336414527893066406e+01
1.221197414398193359e+01
9.513273239135742188e+00
8.079722404479980469e+00
8.935639783658189117e-09
1.700175999985731323e-09
2.467751026153564453e+00
3.570276975631713867e+00
5.150337696075439453e+00
6.697187900543212891e+00
7.638533592224121094e+00
9.522415161132812500e+00
1.237797355651855469e+01
1.200212669372558594e+01
1.147268104553222656e+01
8.581733703613281250e+00
7.898902416229248047e+00
8.935639783658189117e-09
1.404980576324987851e-09
2.140913724899291992e+00
3.439250707626342773e+00
4.792548656463623047e+00
6.247934818267822266e+00
6.577465534210205078e+00
8.657047271728515625e+00
1.150002479553222656e+01
1.025901985168457031e+01
1.000736808776855469e+01
8.134468078613281250e+00
7.943267822265625000e+00
8.935639783658189117e-09
1.305187180555833493e-09
2.684218883514404297e+00
3.231242656707763672e+00
5.309398174285888672e+00
6.388112068176269531e+00
6.660011291503906250e+00
8.743511199951171875e+00
1.161651229858398438e+01
1.039953804016113281e+01
1.000583744049072266e+01
8.368025779724121094e+00
7.894091606140136719e+00
8.935639783658189117e-09
1.752102463115079445e-09
2.208892345428466797e+00
3.145690917968750000e+00
5.634038925170898438e+00
7.844434738159179688e+00
7.002497673034667969e+00
1.070364189147949219e+01
1.250735473632812500e+01
1.027522850036621094e+01
1.021023178100585938e+01
7.490689754486083984e+00
7.722396373748779297e+00
8.935639783658189117e-09
1.750662392829838154e-09
3.149366140365600586e+00
3.222475051879882812e+00
6.004967212677001953e+00
7.803950786590576172e+00
7.327074050903320312e+00
1.001116561889648438e+01
8.560680389404296875e+00
1.100691223144531250e+01
1.148874092102050781e+01
8.141594886779785156e+00
8.345523834228515625e+00
8.935639783658189117e-09
1.857833331619929140e-09
2.755888462066650391e+00
3.255915403366088867e+00
5.228640556335449219e+00
6.731052875518798828e+00
7.371067523956298828e+00
9.733888626098632812e+00
1.126791286468505859e+01
1.093545627593994141e+01
1.080350875854492188e+01
8.256078720092773438e+00
7.887145042419433594e+00
8.935639783658189117e-09
1.540745087069694819e-09
2.548569917678833008e+00
3.397265911102294922e+00
4.405794620513916016e+00
6.650568008422851562e+00
6.005655288696289062e+00
8.714656829833984375e+00
1.026389122009277344e+01
8.033772468566894531e+00
9.271453857421875000e+00
7.280427455902099609e+00
7.432264804840087891e+00
8.935639783658189117e-09
1.327046583732283125e-09
2.224916458129882812e+00
3.393965244293212891e+00
6.222304821014404297e+00
8.378019332885742188e+00
8.633340835571289062e+00
1.100839424133300781e+01
1.324966621398925781e+01
1.215351486206054688e+01
1.133583068847656250e+01
8.423020362854003906e+00
7.847820758819580078e+00
8.935639783658189117e-09
1.824658757421104838e-09
2.584148168563842773e+00
3.386879920959472656e+00
5.909896373748779297e+00
7.530567169189453125e+00
8.753964424133300781e+00
1.202233314514160156e+01
1.335244750976562500e+01
1.219447326660156250e+01
1.137309837341308594e+01
8.553937911987304688e+00
7.722971916198730469e+00
8.935639783658189117e-09
1.803436511238487583e-09
2.864148855209350586e+00
3.423562526702880859e+00
6.202659130096435547e+00
8.203540802001953125e+00
8.219802856445312500e+00
1.120148944854736328e+01
1.326610946655273438e+01
1.240100097656250000e+01
1.185429573059082031e+01
8.693726539611816406e+00
8.014995574951171875e+00
8.935639783658189117e-09
1.487956313717120338e-09
2.573001384735107422e+00
3.061413526535034180e+00
5.877628326416015625e+00
7.579906463623046875e+00
7.415735244750976562e+00
9.958199501037597656e+00
1.215117168426513672e+01
1.140868377685546875e+01
1.123731422424316406e+01
8.602091789245605469e+00
7.320825576782226562e+00
8.935639783658189117e-09
1.269335636600033013e-09
2.080929040908813477e+00
3.338082075119018555e+00
5.071898460388183594e+00
7.366514205932617188e+00
6.212115287780761719e+00
9.176239013671875000e+00
8.988302230834960938e+00
1.126342582702636719e+01
1.072055244445800781e+01
8.208296775817871094e+00
7.252768516540527344e+00
8.935639783658189117e-09
1.181869269117896692e-09
2.553246498107910156e+00
3.482710361480712891e+00
5.803914070129394531e+00
7.219455242156982422e+00
7.115356445312500000e+00
1.031890201568603516e+01
1.190218639373779297e+01
1.157283878326416016e+01
1.067340850830078125e+01
8.259372711181640625e+00
7.457208633422851562e+00
8.935639783658189117e-09
1.087180567793666341e-09
2.668786764144897461e+00
3.818836212158203125e+00
6.034745693206787109e+00
7.311882972717285156e+00
9.332001686096191406e+00
1.057126998901367188e+01
1.191305541992187500e+01
1.008991622924804688e+01
1.124973011016845703e+01
8.598016738891601562e+00
8.240491867065429688e+00
8.935639783658189117e-09
1.861657161761343104e-09
2.524921655654907227e+00
3.496172904968261719e+00
5.284514904022216797e+00
6.193122863769531250e+00
6.752989292144775391e+00
8.663297653198242188e+00
1.181903457641601562e+01
1.056605243682861328e+01
1.040984439849853516e+01
8.394742012023925781e+00
7.551842689514160156e+00
8.935639783658189117e-09
1.992537912443026471e-09
2.319515705108642578e+00
3.443976640701293945e+00
6.442652225494384766e+00
8.373953819274902344e+00
8.359376907348632812e+00
1.019227409362792969e+01
9.065618515014648438e+00
1.181426811218261719e+01
1.141025161743164062e+01
8.458894729614257812e+00
8.030055999755859375e+00
8.935639783658189117e-09
2.227232620555241738e-09
2.527197837829589844e+00
3.440338850021362305e+00
6.104985237121582031e+00
7.843849182128906250e+00
7.997822761535644531e+00
1.095446586608886719e+01
9.857438087463378906e+00
1.197570991516113281e+01
1.150674247741699219e+01
8.663321495056152344e+00
7.742808341979980469e+00
8.935639783658189117e-09
1.592853293708174078e-09
2.208133459091186523e+00
3.507949829101562500e+00
5.487535476684570312e+00
5.802517414093017578e+00
7.335862159729003906e+00
1.045053863525390625e+01
1.230913162231445312e+01
1.075584220886230469e+01
1.081824016571044922e+01
8.310832977294921875e+00
7.526886463165283203e+00
8.935639783658189117e-09
1.359648726939610697e-09
2.482902288436889648e+00
3.667832374572753906e+00
4.696920394897460938e+00
5.822691440582275391e+00
6.281328201293945312e+00
8.841556549072265625e+00
1.145303344726562500e+01
1.099449539184570312e+01
1.067034149169921875e+01
8.094986915588378906e+00
7.636151313781738281e+00
8.935639783658189117e-09
1.591232812181431200e-09
1.986344814300537109e+00
2.627197504043579102e+00
4.683762073516845703e+00
5.836181163787841797e+00
7.344579219818115234e+00
8.482475280761718750e+00
1.153373146057128906e+01
9.465982437133789062e+00
1.059647750854492188e+01
8.004758834838867188e+00
7.668532371520996094e+00
8.935639783658189117e-09
1.630247159489783826e-09
2.291125059127807617e+00
3.846851825714111328e+00
5.149624347686767578e+00
7.450903892517089844e+00
7.093214035034179688e+00
1.013026618957519531e+01
1.163672924041748047e+01
1.111866188049316406e+01
1.091192817687988281e+01
7.646275043487548828e+00
7.865903854370117188e+00
8.935639783658189117e-09
1.686475070705739654e-09
2.189970970153808594e+00
3.392896413803100586e+00
5.618885040283203125e+00
6.276982307434082031e+00
7.632465839385986328e+00
1.047088623046875000e+01
1.264065170288085938e+01
1.096146774291992188e+01
1.177890396118164062e+01
8.830784797668457031e+00
8.216108322143554688e+00
8.935639783658189117e-09
1.564493423700241692e-09
2.269823074340820312e+00
3.358236312866210938e+00
4.974160194396972656e+00
6.595013141632080078e+00
7.609275817871093750e+00
1.148511123657226562e+01
1.258518123626708984e+01
1.180840492248535156e+01
1.152544021606445312e+01
8.388452529907226562e+00
7.626438140869140625e+00
8.935639783658189117e-09
1.865627874408914977e-09
2.137091636657714844e+00
2.984572172164916992e+00
5.150630950927734375e+00
6.191546916961669922e+00
6.381814956665039062e+00
8.784915924072265625e+00
1.070575332641601562e+01
1.131249427795410156e+01
1.065450286865234375e+01
8.227886199951171875e+00
7.561671733856201172e+00
8.935639783658189117e-09
1.986302455847521742e-09
2.468165874481201172e+00
2.857363700866699219e+00
4.786662578582763672e+00
6.858095169067382812e+00
7.034731388092041016e+00
9.919164657592773438e+00
1.161321830749511719e+01
1.091289329528808594e+01
1.051701068878173828e+01
7.999472618103027344e+00
7.842568397521972656e+00
8.935639783658189117e-09
1.756278233955299584e-09
2.561957359313964844e+00
3.096421957015991211e+00
5.845680236816406250e+00
8.700563430786132812e+00
8.347558975219726562e+00
1.027295970916748047e+01
8.746640205383300781e+00
1.177890014648437500e+01
1.092218780517578125e+01
8.215797424316406250e+00
8.004482269287109375e+00
8.935639783658189117e-09
1.657541881527890837e-09
2.455863952636718750e+00
3.700941562652587891e+00
6.053806304931640625e+00
7.827818393707275391e+00
7.155191898345947266e+00
9.816123962402343750e+00
9.687564849853515625e+00
1.207998752593994141e+01
1.093075180053710938e+01
8.656813621520996094e+00
7.868000030517578125e+00
8.935639783658189117e-09
1.803700633296045908e-09
2.653641939163208008e+00
2.570615530014038086e+00
5.157310009002685547e+00
7.331150054931640625e+00
8.089054107666015625e+00
1.049825859069824219e+01
1.251839733123779297e+01
1.108561515808105469e+01
1.078178119659423828e+01
7.930093765258789062e+00
7.230099678039550781e+00
8.935639783658189117e-09
1.520128911636220437e-09
1.871696472167968750e+00
2.910553455352783203e+00
5.665141105651855469e+00
7.469888687133789062e+00
8.176083564758300781e+00
1.084285926818847656e+01
1.294665145874023438e+01
1.173056411743164062e+01
1.122525501251220703e+01
9.180608749389648438e+00
7.822378158569335938e+00
8.935639783658189117e-09
1.342492561562380615e-09
3.055346250534057617e+00
3.606296062469482422e+00
5.642103195190429688e+00
8.157718658447265625e+00
9.183994293212890625e+00
1.118065071105957031e+01
1.362751483917236328e+01
1.243476486206054688e+01
1.121487426757812500e+01
8.906893730163574219e+00
7.419034004211425781e+00
8.935639783658189117e-09
1.472535982038891689e-09
2.605278730392456055e+00
3.411467790603637695e+00
5.826108932495117188e+00
8.004371643066406250e+00
8.541461944580078125e+00
1.115937519073486328e+01
1.328046798706054688e+01
1.199586296081542969e+01
1.167476177215576172e+01
8.427995681762695312e+00
7.757474899291992188e+00
8.935639783658189117e-09
1.844398189732032733e-09
2.700158596038818359e+00
3.484932899475097656e+00
6.124282360076904297e+00
8.301559448242187500e+00
8.921123504638671875e+00
1.158737277984619141e+01
1.372277355194091797e+01
1.270678329467773438e+01
1.200717735290527344e+01
8.797424316406250000e+00
7.958811759948730469e+00
8.935639783658189117e-09
1.974421293127193167e-09
2.573900938034057617e+00
3.440189361572265625e+00
6.077152252197265625e+00
8.429956436157226562e+00
8.823808670043945312e+00
1.155277156829833984e+01
1.339286994934082031e+01
1.256475830078125000e+01
1.162524414062500000e+01
8.816156387329101562e+00
7.855523109436035156e+00
8.935639783658189117e-09
2.101457008407692229e-09
2.393214464187622070e+00
3.068674564361572266e+00
5.694240570068359375e+00
7.912329673767089844e+00
8.395444869995117188e+00
1.094165611267089844e+01
1.331595611572265625e+01
1.214854335784912109e+01
1.176340579986572266e+01
8.657788276672363281e+00
7.520536899566650391e+00
8.935639783658189117e-09
1.731494836398894677e-09
2.664649724960327148e+00
3.258494615554809570e+00
6.074415206909179688e+00
7.898231029510498047e+00
8.778516769409179688e+00
1.097836303710937500e+01
1.346563720703125000e+01
1.231911468505859375e+01
1.165485382080078125e+01
8.518210411071777344e+00
7.981188297271728516e+00
8.935639783658189117e-09
1.984568509527662172e-09
2.427238702774047852e+00
3.303981542587280273e+00
6.030518531799316406e+00
8.196874618530273438e+00
8.627425193786621094e+00
1.129727077484130859e+01
1.372018146514892578e+01
1.246067619323730469e+01
1.196805763244628906e+01
8.760377883911132812e+00
7.740843772888183594e+00
8.935639783658189117e-09
2.038349489197344155e-09
2.284470558166503906e+00
3.479573965072631836e+00
5.793722629547119141e+00
7.704537391662597656e+00
8.337192535400390625e+00
1.133984375000000000e+01
1.333348274230957031e+01
1.210960769653320312e+01
1.143130111694335938e+01
8.428123474121093750e+00
7.652604103088378906e+00
8.935639783658189117e-09
2.272462218400050915e-09
2.325568199157714844e+00
3.286513805389404297e+00
5.978028297424316406e+00
7.685188293457031250e+00
7.825958251953125000e+00
1.087925243377685547e+01
1.314988136291503906e+01
1.131302928924560547e+01
1.118134498596191406e+01
8.315194129943847656e+00
7.766621589660644531e+00
8.935639783658189117e-09
2.209354033055888067e-09
2.589564800262451172e+00
2.908996582031250000e+00
5.293138027191162109e+00
7.081049919128417969e+00
6.625822067260742188e+00
9.759710311889648438e+00
9.378495216369628906e+00
1.139446640014648438e+01
1.100360965728759766e+01
8.534074783325195312e+00
8.190879821777343750e+00
8.935639783658189117e-09
1.837074825594697813e-09
2.390283346176147461e+00
3.441671371459960938e+00
5.355478763580322266e+00
7.523066043853759766e+00
7.616149425506591797e+00
1.109397697448730469e+01
1.180536460876464844e+01
1.028392028808593750e+01
1.056671524047851562e+01
7.778475284576416016e+00
8.078582763671875000e+00
8.935639783658189117e-09
2.085054795486485091e-09
1.607276439666748047e+00
2.224114418029785156e+00
4.086618423461914062e+00
4.434731960296630859e+00
4.678900241851806641e+00
5.999114990234375000e+00
7.727649688720703125e+00
8.854496002197265625e+00
9.091972351074218750e+00
6.910352706909179688e+00
7.696254253387451172e+00
8.935639783658189117e-09
1.901307555840503483e-09
2.573378086090087891e+00
3.449975728988647461e+00
5.394906044006347656e+00
6.959962844848632812e+00
7.398865699768066406e+00
9.680431365966796875e+00
1.244062232971191406e+01
1.139741706848144531e+01
1.099958229064941406e+01
8.370577812194824219e+00
8.290004730224609375e+00
8.935639783658189117e-09
2.047688685280490972e-09
2.482124805450439453e+00
3.698658943176269531e+00
6.071172237396240234e+00
7.495279312133789062e+00
8.452074050903320312e+00
1.111360549926757812e+01
1.278570938110351562e+01
1.205244827270507812e+01
1.148682212829589844e+01
8.176118850708007812e+00
7.765401840209960938e+00
8.935639783658189117e-09
1.177415942521520265e-09
2.482438087463378906e+00
3.675837516784667969e+00
5.221993923187255859e+00
7.512712001800537109e+00
7.405850410461425781e+00
8.515278816223144531e+00
7.612672805786132812e+00
1.100806236267089844e+01
1.084473228454589844e+01
7.946824073791503906e+00
7.670020580291748047e+00
8.935639783658189117e-09
1.726648046762591093e-09
1.974032163619995117e+00
3.151070833206176758e+00
5.010315418243408203e+00
6.476727485656738281e+00
7.586662292480468750e+00
9.717475891113281250e+00
1.144151401519775391e+01
1.100305747985839844e+01
1.048405265808105469e+01
8.518760681152343750e+00
7.736732006072998047e+00
8.935639783658189117e-09
2.007696009442838658e-09
2.296499490737915039e+00
2.746493816375732422e+00
4.395777702331542969e+00
5.442891120910644531e+00
7.827271461486816406e+00
7.766418457031250000e+00
9.205949783325195312e+00
1.079095458984375000e+01
1.047009849548339844e+01
7.695579528808593750e+00
7.788680553436279297e+00
8.935639783658189117e-09
2.093399897873382542e-09
2.880149602890014648e+00
2.622637510299682617e+00
4.190124511718750000e+00
6.246083736419677734e+00
6.070858955383300781e+00
8.239193916320800781e+00
1.109751319885253906e+01
1.021492767333984375e+01
1.012721157073974609e+01
7.875828742980957031e+00
7.345180511474609375e+00
8.935639783658189117e-09
1.133279359244454554e-09
2.049051761627197266e+00
3.410353422164916992e+00
5.183095455169677734e+00
6.560630798339843750e+00
6.977550983428955078e+00
9.332869529724121094e+00
1.077123355865478516e+01
1.011010169982910156e+01
1.079674911499023438e+01
8.118558883666992188e+00
7.158964157104492188e+00
8.935639783658189117e-09
1.443617891894177774e-09
2.614640474319458008e+00
3.220405340194702148e+00
5.086560249328613281e+00
6.283396244049072266e+00
7.051219940185546875e+00
8.376475334167480469e+00
1.022872734069824219e+01
9.851650238037109375e+00
1.064634990692138672e+01
8.265768051147460938e+00
7.524178028106689453e+00
8.935639783658189117e-09
1.038653496543417987e-09
2.631424427032470703e+00
3.469944238662719727e+00
5.031873703002929688e+00
5.951927185058593750e+00
6.333672046661376953e+00
8.995485305786132812e+00
1.105552482604980469e+01
1.028842067718505859e+01
1.141938972473144531e+01
8.380486488342285156e+00
7.638770103454589844e+00
8.935639783658189117e-09
1.727803011775108644e-09
2.765394926071166992e+00
2.859180927276611328e+00
5.132902145385742188e+00
6.397170543670654297e+00
5.957815170288085938e+00
8.821585655212402344e+00
8.809019088745117188e+00
1.027216911315917969e+01
1.012416267395019531e+01
8.368470191955566406e+00
7.419283866882324219e+00
8.935639783658189117e-09
2.094433071420098713e-09
1.964834451675415039e+00
2.942101240158081055e+00
5.629709720611572266e+00
7.587667465209960938e+00
7.146490573883056641e+00
1.047947597503662109e+01
9.528431892395019531e+00
1.205475997924804688e+01
1.092650032043457031e+01
8.286313056945800781e+00
7.623058319091796875e+00
8.935639783658189117e-09
1.569958940628168875e-09
2.710385799407958984e+00
3.179882764816284180e+00
5.956035137176513672e+00
7.967578887939453125e+00
7.161667823791503906e+00
1.033388233184814453e+01
8.981469154357910156e+00
1.124970245361328125e+01
1.079207611083984375e+01
8.619014739990234375e+00
8.026121139526367188e+00
8.935639783658189117e-09
1.737652577382675645e-09
2.466641426086425781e+00
3.650846242904663086e+00
5.345515251159667969e+00
7.389104843139648438e+00
9.410719871520996094e+00
1.281261157989501953e+01
9.939411163330078125e+00
9.779212951660156250e+00
1.019856262207031250e+01
7.784076213836669922e+00
7.507437229156494141e+00
8.935639783658189117e-09
2.216625105688763142e-09
2.314123392105102539e+00
2.795271396636962891e+00
4.661775112152099609e+00
5.385459423065185547e+00
4.819677829742431641e+00
7.763573646545410156e+00
1.017217445373535156e+01
1.052868270874023438e+01
1.003008842468261719e+01
7.484956741333007812e+00
7.587347984313964844e+00
8.935639783658189117e-09
