1.841977438632458330e-11
2.731204032897949219e+00
3.474491357803344727e+00
5.425382137298583984e+00
7.320697784423828125e+00
6.197299957275390625e+00
8.496786117553710938e+00
1.057991790771484375e+01
1.026607131958007812e+01
1.051474571228027344e+01
8.117603302001953125e+00
7.879006385803222656e+00
9.671289463719645596e-11
1.650190400992457285e-11
2.640786170959472656e+00
2.950539588928222656e+00
4.865251541137695312e+00
6.234479427337646484e+00
5.667523384094238281e+00
8.612674713134765625e+00
1.099729824066162109e+01
9.151014328002929688e+00
1.031362915039062500e+01
7.177913665771484375e+00
7.554653167724609375e+00
9.671289463719645596e-11
1.500899925177545668e-11
2.507578372955322266e+00
3.396872282028198242e+00
5.293140888214111328e+00
5.907430648803710938e+00
5.432802677154541016e+00
8.254375457763671875e+00
9.199499130249023438e+00
1.006665039062500000e+01
1.054669952392578125e+01
7.726529121398925781e+00
8.068557739257812500e+00
9.671289463719645596e-11
1.322071185166917573e-11
2.643711566925048828e+00
3.433409214019775391e+00
4.949349403381347656e+00
6.580211639404296875e+00
6.613246917724609375e+00
5.233530521392822266e+00
6.584233760833740234e+00
8.360630989074707031e+00
1.026454544067382812e+01
7.983036518096923828e+00
7.768746376037597656e+00
9.671289463719645596e-11
1.661828660792785683e-11
2.470483779907226562e+00
3.539037704467773438e+00
5.174535751342773438e+00
5.726773738861083984e+00
5.624865055084228516e+00
8.322502136230468750e+00
9.845220565795898438e+00
9.006572723388671875e+00
1.030136013031005859e+01
7.395356178283691406e+00
7.922779083251953125e+00
9.671289463719645596e-11
1.488720605125060104e-11
2.958930492401123047e+00
3.669620037078857422e+00
5.280740737915039062e+00
6.479778289794921875e+00
7.055500030517578125e+00
9.548370361328125000e+00
1.058084487915039062e+01
1.163265228271484375e+01
1.106559181213378906e+01
7.891555786132812500e+00
7.651642799377441406e+00
9.671289463719645596e-11
1.618681230719509756e-11
3.319428443908691406e+00
3.741328001022338867e+00
5.860963821411132812e+00
7.030661106109619141e+00
6.436989784240722656e+00
9.334798812866210938e+00
1.045630836486816406e+01
9.943387985229492188e+00
1.017775535583496094e+01
7.609426975250244141e+00
7.745353698730468750e+00
9.671289463719645596e-11
2.361505088699367150e-11
2.543857097625732422e+00
3.301989793777465820e+00
5.270905494689941406e+00
6.510151386260986328e+00
6.878336906433105469e+00
7.594405651092529297e+00
9.517010688781738281e+00
9.736419677734375000e+00
1.034051990509033203e+01
7.139300346374511719e+00
7.520234584808349609e+00
9.671289463719645596e-11
2.131727259990778833e-11
2.711052894592285156e+00
3.696802616119384766e+00
5.453329563140869141e+00
7.843839645385742188e+00
7.986064910888671875e+00
1.034109401702880859e+01
1.254118537902832031e+01
1.121436405181884766e+01
1.102533721923828125e+01
8.446211814880371094e+00
8.007504463195800781e+00
9.671289463719645596e-11
2.171259699812466692e-11
2.181856155395507812e+00
3.128487110137939453e+00
5.217654228210449219e+00
7.371123313903808594e+00
8.563275337219238281e+00
9.200653076171875000e+00
9.318977355957031250e+00
1.100898742675781250e+01
1.106961822509765625e+01
8.296001434326171875e+00
7.839177131652832031e+00
9.671289463719645596e-11
1.837815490068894775e-11
3.117705821990966797e+00
3.950304031372070312e+00
5.453695297241210938e+00
6.484408378601074219e+00
4.927885055541992188e+00
6.583195686340332031e+00
7.579874992370605469e+00
9.889588356018066406e+00
9.935070037841796875e+00
7.297197818756103516e+00
7.404445648193359375e+00
9.671289463719645596e-11
1.837159417650280346e-11
2.812161684036254883e+00
3.484322071075439453e+00
5.721462726593017578e+00
6.955164909362792969e+00
5.773372173309326172e+00
8.694807052612304688e+00
9.503576278686523438e+00
1.011052513122558594e+01
1.072449111938476562e+01
7.683628082275390625e+00
7.731904029846191406e+00
9.671289463719645596e-11
1.676716057663618642e-11
2.071871042251586914e+00
3.431652069091796875e+00
5.253166198730468750e+00
6.105463981628417969e+00
4.329689502716064453e+00
5.072080612182617188e+00
8.093676567077636719e+00
9.732640266418457031e+00
9.792846679687500000e+00
7.458990097045898438e+00
7.479535102844238281e+00
9.671289463719645596e-11
8.752568982084429905e-12
2.743645191192626953e+00
3.615451335906982422e+00
5.590094566345214844e+00
6.412344932556152344e+00
6.246611595153808594e+00
7.390412330627441406e+00
9.777980804443359375e+00
1.066531372070312500e+01
1.066829490661621094e+01
8.022369384765625000e+00
8.001289367675781250e+00
9.671289463719645596e-11
9.279931857675283169e-12
2.561691284179687500e+00
3.733747005462646484e+00
5.844819545745849609e+00
6.909115791320800781e+00
5.538887023925781250e+00
4.778400421142578125e+00
8.122619628906250000e+00
9.700507164001464844e+00
9.922814369201660156e+00
7.498113632202148438e+00
7.863251686096191406e+00
9.671289463719645596e-11
2.010430537324747746e-11
2.526309251785278320e+00
3.261177062988281250e+00
5.352792263031005859e+00
5.982059478759765625e+00
4.446574211120605469e+00
3.983448505401611328e+00
6.645195960998535156e+00
9.042476654052734375e+00
9.586350440979003906e+00
7.514771461486816406e+00
7.678097724914550781e+00
9.671289463719645596e-11
1.979110972327724483e-11
2.591308832168579102e+00
3.308124303817749023e+00
5.473713874816894531e+00
5.643367767333984375e+00
4.030890941619873047e+00
3.345330953598022461e+00
6.452779769897460938e+00
8.773792266845703125e+00
9.922258377075195312e+00
7.152889251708984375e+00
7.660604476928710938e+00
9.671289463719645596e-11
1.943749154686980063e-11
2.574823856353759766e+00
2.893129825592041016e+00
4.894590377807617188e+00
6.426739215850830078e+00
5.404297351837158203e+00
4.451191425323486328e+00
7.909982681274414062e+00
9.646609306335449219e+00
9.917247772216796875e+00
7.174404621124267578e+00
7.498000144958496094e+00
9.671289463719645596e-11
8.914485469246891114e-12
2.876451492309570312e+00
3.615358114242553711e+00
5.393388748168945312e+00
6.933717727661132812e+00
6.100055217742919922e+00
5.722829818725585938e+00
8.493801116943359375e+00
1.021581459045410156e+01
1.072847175598144531e+01
8.168368339538574219e+00
7.969186305999755859e+00
9.671289463719645596e-11
1.349146835916137377e-11
2.702124595642089844e+00
3.674338817596435547e+00
6.013134002685546875e+00
6.642434597015380859e+00
4.691113471984863281e+00
7.218813896179199219e+00
9.385459899902343750e+00
1.107539558410644531e+01
1.062734031677246094e+01
8.340890884399414062e+00
7.726411819458007812e+00
9.671289463719645596e-11
2.033290723291170110e-11
3.135050773620605469e+00
3.816845893859863281e+00
6.192889213562011719e+00
8.118175506591796875e+00
7.146062850952148438e+00
1.000803947448730469e+01
1.234583854675292969e+01
1.073681068420410156e+01
1.135036849975585938e+01
9.208654403686523438e+00
7.969946861267089844e+00
9.671289463719645596e-11
1.185055612668017844e-11
2.896499395370483398e+00
3.613804578781127930e+00
5.163209915161132812e+00
7.763337135314941406e+00
9.427457809448242188e+00
1.011110687255859375e+01
8.474088668823242188e+00
1.061598968505859375e+01
1.059328079223632812e+01
7.826438903808593750e+00
7.853928565979003906e+00
9.671289463719645596e-11
1.747950915953477846e-11
2.780387163162231445e+00
3.385952472686767578e+00
5.831371307373046875e+00
7.898715019226074219e+00
8.874505996704101562e+00
1.094174194335937500e+01
1.308225440979003906e+01
1.254114532470703125e+01
1.133921241760253906e+01
8.861882209777832031e+00
7.936362266540527344e+00
9.671289463719645596e-11
2.128037676629723762e-11
2.565861225128173828e+00
3.435058355331420898e+00
5.687441349029541016e+00
7.717405319213867188e+00
8.397315979003906250e+00
1.095833778381347656e+01
1.283737754821777344e+01
1.230642509460449219e+01
1.107649230957031250e+01
8.384773254394531250e+00
7.976397037506103516e+00
9.671289463719645596e-11
2.329665280131898442e-11
2.397150516510009766e+00
3.156882286071777344e+00
5.755224227905273438e+00
8.314365386962890625e+00
7.731405735015869141e+00
1.079629707336425781e+01
1.233049392700195312e+01
1.119666862487792969e+01
1.092673683166503906e+01
7.879903316497802734e+00
7.502478599548339844e+00
9.671289463719645596e-11
1.995596916881670069e-11
2.326213836669921875e+00
3.442202091217041016e+00
5.772059917449951172e+00
8.391019821166992188e+00
8.240648269653320312e+00
1.077636718750000000e+01
1.111938095092773438e+01
1.178222465515136719e+01
1.117941761016845703e+01
8.113403320312500000e+00
7.962117195129394531e+00
9.671289463719645596e-11
1.481596095809223357e-11
2.734053134918212891e+00
3.921312808990478516e+00
5.682426452636718750e+00
8.018085479736328125e+00
9.864181518554687500e+00
1.029462623596191406e+01
9.185781478881835938e+00
1.176116752624511719e+01
1.100967597961425781e+01
7.897047996520996094e+00
8.153540611267089844e+00
9.671289463719645596e-11
1.690539375154287427e-11
2.572078943252563477e+00
3.480427742004394531e+00
5.601467132568359375e+00
7.403740406036376953e+00
8.888146400451660156e+00
9.036695480346679688e+00
8.601230621337890625e+00
1.133161544799804688e+01
1.088546562194824219e+01
8.092217445373535156e+00
8.112886428833007812e+00
9.671289463719645596e-11
1.358024023095927291e-11
2.165831804275512695e+00
3.531219244003295898e+00
5.625392436981201172e+00
8.026186943054199219e+00
8.417642593383789062e+00
1.029314613342285156e+01
1.032566356658935547e+01
1.354612922668457031e+01
1.222779464721679688e+01
9.150499343872070312e+00
7.629002571105957031e+00
9.671289463719645596e-11
1.471103967809472834e-11
2.401233196258544922e+00
3.316281080245971680e+00
5.187872886657714844e+00
7.060942649841308594e+00
7.787011146545410156e+00
9.817520141601562500e+00
1.223675918579101562e+01
1.193611431121826172e+01
1.123553276062011719e+01
8.609794616699218750e+00
8.133413314819335938e+00
9.671289463719645596e-11
1.771307232834029577e-11
2.137967109680175781e+00
3.605319976806640625e+00
4.826354980468750000e+00
6.309062480926513672e+00
6.360377311706542969e+00
8.728988647460937500e+00
1.129497337341308594e+01
1.035450553894042969e+01
1.059091186523437500e+01
8.546063423156738281e+00
7.987446784973144531e+00
9.671289463719645596e-11
1.755411267734263703e-11
2.730202198028564453e+00
3.347785949707031250e+00
5.258750438690185547e+00
6.356412887573242188e+00
6.590510368347167969e+00
8.865059852600097656e+00
1.159861278533935547e+01
1.057630157470703125e+01
1.045810031890869141e+01
8.445793151855468750e+00
8.115652084350585938e+00
9.671289463719645596e-11
2.165163708045536595e-11
2.328247070312500000e+00
3.405422210693359375e+00
5.702575683593750000e+00
7.596852302551269531e+00
6.741063117980957031e+00
1.084992027282714844e+01
1.256754112243652344e+01
1.049495315551757812e+01
9.999113082885742188e+00
7.721000194549560547e+00
7.559597492218017578e+00
9.671289463719645596e-11
1.885461058115378563e-11
2.829179286956787109e+00
3.392625570297241211e+00
5.992134094238281250e+00
7.569402694702148438e+00
7.489239692687988281e+00
9.916131973266601562e+00
8.438463211059570312e+00
1.131152343750000000e+01
1.103713989257812500e+01
8.234351158142089844e+00
8.529947280883789062e+00
9.671289463719645596e-11
1.312870038377988990e-11
2.523727893829345703e+00
3.114595651626586914e+00
5.159733295440673828e+00
7.013697624206542969e+00
6.932302474975585938e+00
8.878127098083496094e+00
1.104211044311523438e+01
1.142901897430419922e+01
1.046989440917968750e+01
8.252922058105468750e+00
7.854747772216796875e+00
9.671289463719645596e-11
2.397835055512054225e-11
2.535690784454345703e+00
3.402168273925781250e+00
4.640481948852539062e+00
6.561246871948242188e+00
5.938229084014892578e+00
8.674539566040039062e+00
1.052106475830078125e+01
7.868788242340087891e+00
9.261991500854492188e+00
7.559623718261718750e+00
7.780145645141601562e+00
9.671289463719645596e-11
2.253952406661152708e-11
2.460780620574951172e+00
3.938752889633178711e+00
6.237308025360107422e+00
8.443817138671875000e+00
8.740839004516601562e+00
1.098783206939697266e+01
1.323757362365722656e+01
1.217963504791259766e+01
1.125914573669433594e+01
8.604802131652832031e+00
7.944755554199218750e+00
9.671289463719645596e-11
1.853086781244961401e-11
2.757533788681030273e+00
3.724902629852294922e+00
5.841679573059082031e+00
7.375739097595214844e+00
8.452259063720703125e+00
1.175048637390136719e+01
1.303245353698730469e+01
1.183911514282226562e+01
1.116859817504882812e+01
8.776968002319335938e+00
7.774019241333007812e+00
9.671289463719645596e-11
2.215710948050286788e-11
2.582772016525268555e+00
3.368209838867187500e+00
6.092647552490234375e+00
8.445255279541015625e+00
8.320833206176757812e+00
1.164263534545898438e+01
1.290662193298339844e+01
1.233312797546386719e+01
1.170686912536621094e+01
8.622513771057128906e+00
7.871222496032714844e+00
9.671289463719645596e-11
2.062716143724774298e-11
2.289310455322265625e+00
3.343691825866699219e+00
5.891505241394042969e+00
7.213445186614990234e+00
7.302648067474365234e+00
1.005394363403320312e+01
1.234401130676269531e+01
1.155845451354980469e+01
1.119482040405273438e+01
8.350568771362304688e+00
7.688116073608398438e+00
9.671289463719645596e-11
1.104850932964751564e-11
2.404649019241333008e+00
2.802893161773681641e+00
4.812188625335693359e+00
7.245402336120605469e+00
6.158613681793212891e+00
8.861639976501464844e+00
8.734663009643554688e+00
1.108969879150390625e+01
1.073738479614257812e+01
8.066355705261230469e+00
7.384626388549804688e+00
9.671289463719645596e-11
7.507069618717387982e-12
2.405172586441040039e+00
3.337813138961791992e+00
5.701692104339599609e+00
7.367259979248046875e+00
7.146245002746582031e+00
1.024702453613281250e+01
1.142680835723876953e+01
1.147371482849121094e+01
1.090272140502929688e+01
8.275303840637207031e+00
7.598673820495605469e+00
9.671289463719645596e-11
9.789908467228158884e-12
2.710717678070068359e+00
3.512104511260986328e+00
5.990706920623779297e+00
7.989893913269042969e+00
9.531461715698242188e+00
1.061272811889648438e+01
1.185783958435058594e+01
9.974790573120117188e+00
1.116441822052001953e+01
9.002758026123046875e+00
8.062400817871093750e+00
9.671289463719645596e-11
1.543093777756077145e-11
2.557457685470581055e+00
3.361838817596435547e+00
5.413738250732421875e+00
6.107168674468994141e+00
7.012153625488281250e+00
8.760608673095703125e+00
1.152731323242187500e+01
1.048936080932617188e+01
1.034738922119140625e+01
8.588510513305664062e+00
7.732765674591064453e+00
9.671289463719645596e-11
1.653525233402675099e-11
2.518574237823486328e+00
3.485800504684448242e+00
6.090567588806152344e+00
8.339744567871093750e+00
8.259775161743164062e+00
1.043581390380859375e+01
9.491416931152343750e+00
1.186505699157714844e+01
1.137559700012207031e+01
8.589599609375000000e+00
7.756855010986328125e+00
9.671289463719645596e-11
1.851130360108754758e-11
2.602468967437744141e+00
3.404587745666503906e+00
5.809924602508544922e+00
8.045744895935058594e+00
8.049996376037597656e+00
1.062764358520507812e+01
9.734655380249023438e+00
1.207503032684326172e+01
1.157363700866699219e+01
8.772079467773437500e+00
7.691997528076171875e+00
9.671289463719645596e-11
1.577833176613641086e-11
2.375165224075317383e+00
3.654706716537475586e+00
5.207055568695068359e+00
6.053156852722167969e+00
7.462279319763183594e+00
1.056628799438476562e+01
1.235102462768554688e+01
1.101883316040039062e+01
1.101215267181396484e+01
8.465723037719726562e+00
7.834058761596679688e+00
9.671289463719645596e-11
1.703356032611846871e-11
2.595817804336547852e+00
3.652171373367309570e+00
4.810787200927734375e+00
5.997218608856201172e+00
6.181533336639404297e+00
8.432334899902343750e+00
1.149536514282226562e+01
1.106377983093261719e+01
1.025876140594482422e+01
7.846717834472656250e+00
7.585608482360839844e+00
9.671289463719645596e-11
1.737849100735822105e-11
2.065449476242065430e+00
2.989370584487915039e+00
5.037738323211669922e+00
5.918584823608398438e+00
7.544215202331542969e+00
8.366924285888671875e+00
1.139487934112548828e+01
9.695946693420410156e+00
1.027884769439697266e+01
8.496351242065429688e+00
7.639822959899902344e+00
9.671289463719645596e-11
1.024238940189325930e-11
2.427337169647216797e+00
3.630860090255737305e+00
5.231086730957031250e+00
7.417151927947998047e+00
7.009066581726074219e+00
1.007746887207031250e+01
1.161628437042236328e+01
1.086957931518554688e+01
1.039978790283203125e+01
7.861816406250000000e+00
7.979341506958007812e+00
9.671289463719645596e-11
1.627994787589681636e-11
2.307394742965698242e+00
3.469399452209472656e+00
5.639120101928710938e+00
6.468266487121582031e+00
7.724642753601074219e+00
1.033109474182128906e+01
1.268361473083496094e+01
1.140296649932861328e+01
1.179486656188964844e+01
8.730281829833984375e+00
7.705320835113525391e+00
9.671289463719645596e-11
1.578839142757360037e-11
2.242141246795654297e+00
3.216346740722656250e+00
4.829397201538085938e+00
6.540864944458007812e+00
7.556794166564941406e+00
1.118790054321289062e+01
1.243711090087890625e+01
1.162524986267089844e+01
1.129274654388427734e+01
8.598937988281250000e+00
7.644450664520263672e+00
9.671289463719645596e-11
2.043478407320886703e-11
2.370049953460693359e+00
3.422980785369873047e+00
4.997239589691162109e+00
5.917188167572021484e+00
6.232679367065429688e+00
8.659523010253906250e+00
1.074914932250976562e+01
1.143925285339355469e+01
1.065089511871337891e+01
8.802341461181640625e+00
7.514650344848632812e+00
9.671289463719645596e-11
1.865407654733086673e-11
2.440015792846679688e+00
3.222277164459228516e+00
4.482254028320312500e+00
6.868485450744628906e+00
7.024319648742675781e+00
9.864154815673828125e+00
1.130593204498291016e+01
1.100339603424072266e+01
1.060265541076660156e+01
8.191574096679687500e+00
7.896486282348632812e+00
9.671289463719645596e-11
1.193617600592222772e-11
2.667259454727172852e+00
3.366573095321655273e+00
6.164181709289550781e+00
8.281847953796386719e+00
8.818504333496093750e+00
1.054507827758789062e+01
8.988059043884277344e+00
1.216492652893066406e+01
1.108429622650146484e+01
8.491542816162109375e+00
8.019804000854492188e+00
9.671289463719645596e-11
1.407066043540572409e-11
2.822741985321044922e+00
3.677400350570678711e+00
6.054903030395507812e+00
7.519936084747314453e+00
7.319303512573242188e+00
9.884912490844726562e+00
9.925279617309570312e+00
1.169885253906250000e+01
1.148940658569335938e+01
8.760545730590820312e+00
8.028614044189453125e+00
9.671289463719645596e-11
1.850100281308719730e-11
2.318400859832763672e+00
2.771095275878906250e+00
5.428316116333007812e+00
7.464234352111816406e+00
8.160122871398925781e+00
1.087779045104980469e+01
1.264905357360839844e+01
1.144622802734375000e+01
1.065833091735839844e+01
7.618571281433105469e+00
7.353276729583740234e+00
9.671289463719645596e-11
1.950663415517528421e-11
2.283386230468750000e+00
3.079658985137939453e+00
5.584893226623535156e+00
7.672310829162597656e+00
8.026576042175292969e+00
1.093977069854736328e+01
1.285575485229492188e+01
1.200220775604248047e+01
1.129783630371093750e+01
8.780303001403808594e+00
7.833669185638427734e+00
9.671289463719645596e-11
1.517768029313248945e-11
2.807603120803833008e+00
3.424351215362548828e+00
5.833101272583007812e+00
8.392304420471191406e+00
9.158803939819335938e+00
1.135656261444091797e+01
1.349222183227539062e+01
1.236328125000000000e+01
1.105844783782958984e+01
8.756328582763671875e+00
7.742838859558105469e+00
9.671289463719645596e-11
2.124357634247786564e-11
2.547673702239990234e+00
3.465502977371215820e+00
5.943384170532226562e+00
7.790076732635498047e+00
8.452417373657226562e+00
1.106682395935058594e+01
1.331918907165527344e+01
1.190987300872802734e+01
1.154709339141845703e+01
8.726035118103027344e+00
7.866118907928466797e+00
9.671289463719645596e-11
2.158744710767379615e-11
2.562052965164184570e+00
3.429713010787963867e+00
5.884927749633789062e+00
8.195662498474121094e+00
8.656025886535644531e+00
1.131396770477294922e+01
1.405933761596679688e+01
1.253905487060546875e+01
1.170541286468505859e+01
8.559453010559082031e+00
7.916685104370117188e+00
9.671289463719645596e-11
2.097963816560799444e-11
2.704638481140136719e+00
3.470368862152099609e+00
5.909487724304199219e+00
8.174343109130859375e+00
8.801145553588867188e+00
1.147260665893554688e+01
1.345436286926269531e+01
1.261511802673339844e+01
1.147885990142822266e+01
8.776636123657226562e+00
7.943968772888183594e+00
9.671289463719645596e-11
2.563075099382139399e-11
2.232825756072998047e+00
3.004587650299072266e+00
5.687664508819580078e+00
7.702255725860595703e+00
8.422841072082519531e+00
1.110895442962646484e+01
1.326799201965332031e+01
1.220851516723632812e+01
1.168653583526611328e+01
8.700012207031250000e+00
7.622917175292968750e+00
9.671289463719645596e-11
2.275556479358620265e-11
2.409329414367675781e+00
3.223281860351562500e+00
5.698471546173095703e+00
7.760573387145996094e+00
8.487999916076660156e+00
1.115593147277832031e+01
1.336898040771484375e+01
1.228043556213378906e+01
1.159082889556884766e+01
8.718881607055664062e+00
7.605336666107177734e+00
9.671289463719645596e-11
2.233886860214528980e-11
2.397103309631347656e+00
3.233597278594970703e+00
5.938749313354492188e+00
8.098362922668457031e+00
8.484163284301757812e+00
1.119987678527832031e+01
1.377347373962402344e+01
1.256166267395019531e+01
1.179548263549804688e+01
8.791461944580078125e+00
7.571471214294433594e+00
9.671289463719645596e-11
2.458637460289736509e-11
2.189247369766235352e+00
3.428896188735961914e+00
5.809786319732666016e+00
7.826864242553710938e+00
8.335317611694335938e+00
1.110108757019042969e+01
1.306756210327148438e+01
1.191665840148925781e+01
1.158217906951904297e+01
8.685024261474609375e+00
7.790885925292968750e+00
9.671289463719645596e-11
2.463217477211010475e-11
2.578056335449218750e+00
3.407511472702026367e+00
5.911070346832275391e+00
7.752642631530761719e+00
7.697255134582519531e+00
1.110074520111083984e+01
1.342494201660156250e+01
1.111282348632812500e+01
1.130002021789550781e+01
8.470676422119140625e+00
7.834565639495849609e+00
9.671289463719645596e-11
2.718173429394621365e-11
2.419452428817749023e+00
3.117396831512451172e+00
5.242217063903808594e+00
6.755624771118164062e+00
5.877914905548095703e+00
9.438280105590820312e+00
9.128013610839843750e+00
1.134568691253662109e+01
1.096705055236816406e+01
8.429345130920410156e+00
8.122557640075683594e+00
9.671289463719645596e-11
1.684072672980541086e-11
2.636293888092041016e+00
3.201117515563964844e+00
5.238778114318847656e+00
7.465847969055175781e+00
7.914945602416992188e+00
1.076973628997802734e+01
1.213853931427001953e+01
1.014014244079589844e+01
1.068005180358886719e+01
7.766637802124023438e+00
8.040647506713867188e+00
9.671289463719645596e-11
2.055335068806840582e-11
1.911324024200439453e+00
2.613097429275512695e+00
4.045656204223632812e+00
3.901815891265869141e+00
4.148226737976074219e+00
4.865480899810791016e+00
7.569568634033203125e+00
8.728670120239257812e+00
9.539332389831542969e+00
6.941048622131347656e+00
7.633774757385253906e+00
9.671289463719645596e-11
1.585420336680520847e-11
2.167012929916381836e+00
3.286138534545898438e+00
5.182958602905273438e+00
7.235945224761962891e+00
7.261605262756347656e+00
1.011679458618164062e+01
1.241799926757812500e+01
1.124188804626464844e+01
1.108430480957031250e+01
8.569219589233398438e+00
8.313594818115234375e+00
9.671289463719645596e-11
1.537113665517342298e-11
2.660455226898193359e+00
3.340260028839111328e+00
5.734593391418457031e+00
7.824462890625000000e+00
8.896622657775878906e+00
1.114772033691406250e+01
1.222392654418945312e+01
1.164552783966064453e+01
1.148011970520019531e+01
8.247118949890136719e+00
8.020212173461914062e+00
9.671289463719645596e-11
1.456933705623608688e-11
2.546537160873413086e+00
3.676466464996337891e+00
5.054362297058105469e+00
7.333221435546875000e+00
7.138689994812011719e+00
8.565799713134765625e+00
7.440109729766845703e+00
1.121407890319824219e+01
1.034589767456054688e+01
7.939999580383300781e+00
7.833633899688720703e+00
9.671289463719645596e-11
1.860065226844120900e-11
1.954845666885375977e+00
3.241258621215820312e+00
5.449542045593261719e+00
6.228098869323730469e+00
7.210160255432128906e+00
9.496292114257812500e+00
1.180290222167968750e+01
1.067452621459960938e+01
1.027447891235351562e+01
8.709136962890625000e+00
7.567255973815917969e+00
9.671289463719645596e-11
1.690277605381762527e-11
2.359383106231689453e+00
3.002519845962524414e+00
4.446321487426757812e+00
5.957169055938720703e+00
7.723340511322021484e+00
7.635485649108886719e+00
9.481888771057128906e+00
1.082041740417480469e+01
1.036831569671630859e+01
7.225072383880615234e+00
7.873514175415039062e+00
9.671289463719645596e-11
1.731804977200823714e-11
2.858460426330566406e+00
2.617255449295043945e+00
4.084851264953613281e+00
6.222109794616699219e+00
5.885297298431396484e+00
7.765511512756347656e+00
1.096302890777587891e+01
1.009123611450195312e+01
1.033637046813964844e+01
8.237799644470214844e+00
7.277749061584472656e+00
9.671289463719645596e-11
2.066258622535066536e-11
2.098946809768676758e+00
2.963118076324462891e+00
4.881193161010742188e+00
5.929708480834960938e+00
6.856585502624511719e+00
9.136619567871093750e+00
1.103296279907226562e+01
1.041875171661376953e+01
1.095139694213867188e+01
7.785982131958007812e+00
7.194520950317382812e+00
9.671289463719645596e-11
1.234025034935193332e-11
2.580027580261230469e+00
3.365743637084960938e+00
5.360436439514160156e+00
6.600707054138183594e+00
6.714282035827636719e+00
8.324855804443359375e+00
1.002345657348632812e+01
9.613183975219726562e+00
1.046605396270751953e+01
8.417173385620117188e+00
7.850316047668457031e+00
9.671289463719645596e-11
1.116906567233399983e-11
2.483972072601318359e+00
3.477472782135009766e+00
5.329830169677734375e+00
6.194266796112060547e+00
6.189035892486572266e+00
8.959753036499023438e+00
1.092018699645996094e+01
1.026078414916992188e+01
1.123008441925048828e+01
8.284542083740234375e+00
8.006688117980957031e+00
9.671289463719645596e-11
1.624111088671664760e-11
2.395652532577514648e+00
3.386806011199951172e+00
5.190230846405029297e+00
6.520942687988281250e+00
5.683296203613281250e+00
9.004977226257324219e+00
8.359506607055664062e+00
1.035217857360839844e+01
1.044728374481201172e+01
8.247462272644042969e+00
7.504208564758300781e+00
9.671289463719645596e-11
2.418706901430311973e-11
1.852011203765869141e+00
2.956432580947875977e+00
5.862095832824707031e+00
7.495881080627441406e+00
7.052517890930175781e+00
1.005928230285644531e+01
9.570413589477539062e+00
1.218978118896484375e+01
1.086174964904785156e+01
8.479807853698730469e+00
7.737323760986328125e+00
9.671289463719645596e-11
1.340357512480405688e-11
2.779741764068603516e+00
3.102700233459472656e+00
6.049764633178710938e+00
7.978023529052734375e+00
7.204779624938964844e+00
1.006531810760498047e+01
8.895652770996093750e+00
1.150385856628417969e+01
1.095314979553222656e+01
8.619318008422851562e+00
7.807314872741699219e+00
9.671289463719645596e-11
1.805147177569299544e-11
2.711403131484985352e+00
3.711516141891479492e+00
5.119596004486083984e+00
7.574118614196777344e+00
9.896884918212890625e+00
1.325645256042480469e+01
1.043975639343261719e+01
9.247667312622070312e+00
1.015139579772949219e+01
7.582023620605468750e+00
7.659124851226806641e+00
9.671289463719645596e-11
1.724015201431949862e-11
2.503985881805419922e+00
2.818848133087158203e+00
4.529621601104736328e+00
5.343650817871093750e+00
4.782997608184814453e+00
7.970480442047119141e+00
9.967836380004882812e+00
1.041532707214355469e+01
9.882125854492187500e+00
7.680222511291503906e+00
7.800966739654541016e+00
9.671289463719645596e-11
