-1.058799442639111153e-15
2.547908067703247070e+00
3.407731771469116211e+00
5.703356742858886719e+00
7.373348236083984375e+00
6.554608345031738281e+00
8.745381355285644531e+00
1.072183322906494141e+01
1.034705638885498047e+01
1.053789329528808594e+01
8.137580871582031250e+00
7.992935180664062500e+00
-7.025544950894869675e-15
-9.608901631121577296e-16
2.621792316436767578e+00
3.487304449081420898e+00
5.103552341461181641e+00
6.429066658020019531e+00
5.655319690704345703e+00
8.428695678710937500e+00
1.099561691284179688e+01
9.539836883544921875e+00
1.013762092590332031e+01
7.286383628845214844e+00
7.383762359619140625e+00
-7.025544950894869675e-15
-8.124356218259024248e-16
2.604480981826782227e+00
3.386085033416748047e+00
5.159400939941406250e+00
5.821626186370849609e+00
5.977640151977539062e+00
7.891525268554687500e+00
8.969022750854492188e+00
1.007445716857910156e+01
1.004420089721679688e+01
8.080489158630371094e+00
8.064545631408691406e+00
-7.025544950894869675e-15
-9.676506507015495209e-16
2.747364282608032227e+00
3.134675502777099609e+00
4.774736404418945312e+00
6.048049926757812500e+00
6.808160305023193359e+00
6.055994987487792969e+00
7.215691566467285156e+00
8.968961715698242188e+00
1.044339179992675781e+01
7.769635677337646484e+00
7.604239463806152344e+00
-7.025544950894869675e-15
-8.874244544979504982e-16
2.442461013793945312e+00
3.786590576171875000e+00
5.482281684875488281e+00
5.863274574279785156e+00
5.882429599761962891e+00
7.673819541931152344e+00
9.173261642456054688e+00
9.481596946716308594e+00
1.018757629394531250e+01
7.889871597290039062e+00
8.009588241577148438e+00
-7.025544950894869675e-15
-8.841754478705198157e-16
3.329700946807861328e+00
3.993967056274414062e+00
5.369224548339843750e+00
6.692448616027832031e+00
6.560400009155273438e+00
9.529386520385742188e+00
1.046356296539306641e+01
1.087091636657714844e+01
1.059425735473632812e+01
8.005915641784667969e+00
7.848700523376464844e+00
-7.025544950894869675e-15
-7.032962736051330804e-16
3.190625429153442383e+00
4.132134437561035156e+00
5.679079532623291016e+00
7.150979042053222656e+00
6.407236576080322266e+00
8.763680458068847656e+00
1.024301719665527344e+01
1.011032867431640625e+01
1.076062393188476562e+01
7.804626464843750000e+00
7.900513648986816406e+00
-7.025544950894869675e-15
-9.968801695245193238e-16
2.397568941116333008e+00
3.086540460586547852e+00
5.084526062011718750e+00
6.346068382263183594e+00
6.513826847076416016e+00
7.983952999114990234e+00
9.407503128051757812e+00
9.410309791564941406e+00
1.048331832885742188e+01
7.367082595825195312e+00
7.669230937957763672e+00
-7.025544950894869675e-15
-9.911341097685829639e-16
2.657873868942260742e+00
3.424947738647460938e+00
5.614326477050781250e+00
7.970789432525634766e+00
8.025400161743164062e+00
9.586465835571289062e+00
1.199534797668457031e+01
1.082502555847167969e+01
1.113934707641601562e+01
8.841157913208007812e+00
8.001329421997070312e+00
-7.025544950894869675e-15
-1.070711055218111565e-15
1.975411176681518555e+00
2.851782321929931641e+00
5.153998851776123047e+00
7.122162818908691406e+00
7.774838924407958984e+00
8.804804801940917969e+00
9.616079330444335938e+00
1.112536239624023438e+01
1.106340408325195312e+01
7.957959175109863281e+00
7.594331741333007812e+00
-7.025544950894869675e-15
-1.044387494678934453e-15
3.053746223449707031e+00
3.309902429580688477e+00
5.342456817626953125e+00
6.381508350372314453e+00
5.054231643676757812e+00
6.469182014465332031e+00
7.548934459686279297e+00
1.016031074523925781e+01
1.058627891540527344e+01
7.188399314880371094e+00
7.896775245666503906e+00
-7.025544950894869675e-15
-1.015416850300469246e-15
2.491774797439575195e+00
3.421444892883300781e+00
5.991817474365234375e+00
7.453312873840332031e+00
6.060828208923339844e+00
8.774308204650878906e+00
9.235220909118652344e+00
1.050335788726806641e+01
1.074963951110839844e+01
8.029212951660156250e+00
7.884348869323730469e+00
-7.025544950894869675e-15
-7.316709244260864806e-16
2.035662889480590820e+00
3.249422550201416016e+00
5.382586002349853516e+00
5.980936050415039062e+00
4.805630683898925781e+00
6.133467197418212891e+00
9.495735168457031250e+00
9.728352546691894531e+00
9.799953460693359375e+00
7.443834304809570312e+00
7.790151596069335938e+00
-7.025544950894869675e-15
-7.759401485022668268e-16
2.798815250396728516e+00
3.506953239440917969e+00
5.393978595733642578e+00
6.650233268737792969e+00
6.553819656372070312e+00
7.330451011657714844e+00
9.897527694702148438e+00
1.033711624145507812e+01
1.079368495941162109e+01
8.464739799499511719e+00
8.329889297485351562e+00
-7.025544950894869675e-15
-6.572337749004969736e-16
2.773333072662353516e+00
3.809497833251953125e+00
6.081615447998046875e+00
7.132945060729980469e+00
5.925558090209960938e+00
6.199707031250000000e+00
8.860013961791992188e+00
9.801002502441406250e+00
9.912899017333984375e+00
7.780045986175537109e+00
7.673797607421875000e+00
-7.025544950894869675e-15
-1.055755417984916011e-15
2.984927177429199219e+00
3.218979835510253906e+00
5.062357902526855469e+00
5.846831321716308594e+00
4.209102153778076172e+00
4.517812728881835938e+00
6.658751487731933594e+00
9.238945960998535156e+00
9.172208786010742188e+00
7.557504653930664062e+00
7.980203628540039062e+00
-7.025544950894869675e-15
-1.150485041706995198e-15
2.660855531692504883e+00
3.666959524154663086e+00
5.459236145019531250e+00
5.919351577758789062e+00
4.773899555206298828e+00
4.748754978179931641e+00
6.939538955688476562e+00
9.530543327331542969e+00
1.060440540313720703e+01
7.872326374053955078e+00
7.915636062622070312e+00
-7.025544950894869675e-15
-9.022736832171472307e-16
2.376252651214599609e+00
2.797960758209228516e+00
5.087097644805908203e+00
6.062994003295898438e+00
5.297346591949462891e+00
5.010987758636474609e+00
7.706546783447265625e+00
9.530852317810058594e+00
1.010828781127929688e+01
7.569434165954589844e+00
7.623623847961425781e+00
-7.025544950894869675e-15
-6.612025477748569979e-16
2.807826995849609375e+00
3.707916498184204102e+00
5.577246189117431641e+00
7.308140754699707031e+00
6.645039558410644531e+00
6.582713603973388672e+00
8.379435539245605469e+00
9.884548187255859375e+00
1.078939437866210938e+01
7.847687721252441406e+00
7.882821559906005859e+00
-7.025544950894869675e-15
-8.290910953655597493e-16
2.791418790817260742e+00
3.256428480148315430e+00
5.665193080902099609e+00
6.963877677917480469e+00
5.629003524780273438e+00
7.350841999053955078e+00
9.052860260009765625e+00
1.082856750488281250e+01
1.069386291503906250e+01
7.925543785095214844e+00
7.571784019470214844e+00
-7.025544950894869675e-15
-1.135138181131286565e-15
3.024362087249755859e+00
3.667706966400146484e+00
6.128425598144531250e+00
8.202001571655273438e+00
7.472847938537597656e+00
1.019389438629150391e+01
1.232057762145996094e+01
1.127889156341552734e+01
1.153032493591308594e+01
8.892442703247070312e+00
8.233894348144531250e+00
-7.025544950894869675e-15
-6.096174471936820563e-16
2.898794651031494141e+00
3.739330768585205078e+00
5.280966281890869141e+00
7.385703086853027344e+00
9.386073112487792969e+00
1.038226699829101562e+01
9.468352317810058594e+00
1.108855915069580078e+01
1.107396888732910156e+01
8.606132507324218750e+00
8.751266479492187500e+00
-7.025544950894869675e-15
-8.203855554314760674e-16
2.878213644027709961e+00
3.462466239929199219e+00
5.999852180480957031e+00
7.786772727966308594e+00
8.800548553466796875e+00
1.106276130676269531e+01
1.282983207702636719e+01
1.232542800903320312e+01
1.152520847320556641e+01
9.023540496826171875e+00
8.434499740600585938e+00
-7.025544950894869675e-15
-1.214118603627711325e-15
2.709013223648071289e+00
3.118235111236572266e+00
5.784991264343261719e+00
7.461140632629394531e+00
8.044592857360839844e+00
1.116605854034423828e+01
1.245220470428466797e+01
1.188115119934082031e+01
1.070500659942626953e+01
8.235902786254882812e+00
7.801553249359130859e+00
-7.025544950894869675e-15
-1.173463669137465078e-15
2.379596948623657227e+00
3.306192159652709961e+00
5.825098991394042969e+00
7.755559921264648438e+00
7.287259101867675781e+00
1.050628662109375000e+01
1.205402374267578125e+01
1.104210090637207031e+01
1.083668327331542969e+01
7.962829589843750000e+00
7.452561855316162109e+00
-7.025544950894869675e-15
-1.169293408300776937e-15
2.408070802688598633e+00
3.250930786132812500e+00
5.822171211242675781e+00
7.937709808349609375e+00
7.569277763366699219e+00
1.054667854309082031e+01
1.144699668884277344e+01
1.160569190979003906e+01
1.130474853515625000e+01
8.436233520507812500e+00
8.023256301879882812e+00
-7.025544950894869675e-15
-8.540005873388550103e-16
2.934938907623291016e+00
3.881867408752441406e+00
6.048757553100585938e+00
8.255355834960937500e+00
9.596595764160156250e+00
9.683313369750976562e+00
9.351806640625000000e+00
1.145392990112304688e+01
1.126069068908691406e+01
8.344216346740722656e+00
8.227054595947265625e+00
-7.025544950894869675e-15
-9.077750563304455046e-16
2.810949563980102539e+00
3.395924568176269531e+00
5.646980762481689453e+00
7.334665775299072266e+00
8.365942001342773438e+00
8.946919441223144531e+00
9.069549560546875000e+00
1.111559200286865234e+01
1.086930465698242188e+01
8.091011047363281250e+00
8.117361068725585938e+00
-7.025544950894869675e-15
-8.911770222125238623e-16
2.223164796829223633e+00
3.951007366180419922e+00
5.247241020202636719e+00
7.775650024414062500e+00
8.206481933593750000e+00
9.922250747680664062e+00
1.054480457305908203e+01
1.319437026977539062e+01
1.243582057952880859e+01
9.920469284057617188e+00
7.940293312072753906e+00
-7.025544950894869675e-15
-1.075078886489746772e-15
2.720072269439697266e+00
3.594931602478027344e+00
5.473773956298828125e+00
6.903637886047363281e+00
7.434460163116455078e+00
9.257733345031738281e+00
1.213610267639160156e+01
1.174340629577636719e+01
1.171635818481445312e+01
8.930940628051757812e+00
8.161818504333496094e+00
-7.025544950894869675e-15
-8.071768707124333045e-16
2.057859420776367188e+00
3.654826164245605469e+00
4.995605945587158203e+00
6.494477748870849609e+00
6.376042366027832031e+00
8.286140441894531250e+00
1.119410324096679688e+01
1.025376510620117188e+01
1.031315040588378906e+01
7.850208759307861328e+00
7.623853206634521484e+00
-7.025544950894869675e-15
-8.812931006301318385e-16
2.641990661621093750e+00
2.995095491409301758e+00
5.195068359375000000e+00
6.292726039886474609e+00
6.678588867187500000e+00
8.625707626342773438e+00
1.088583469390869141e+01
1.023828697204589844e+01
9.852684020996093750e+00
7.904405593872070312e+00
7.568729400634765625e+00
-7.025544950894869675e-15
-1.184438039760328607e-15
2.165497303009033203e+00
3.140343904495239258e+00
5.688882827758789062e+00
7.287331581115722656e+00
7.070446968078613281e+00
1.039631080627441406e+01
1.299566459655761719e+01
1.028146934509277344e+01
1.017158317565917969e+01
8.079507827758789062e+00
8.016305923461914062e+00
-7.025544950894869675e-15
-1.100523967983502768e-15
3.224738597869873047e+00
3.152794837951660156e+00
5.864863395690917969e+00
7.579648017883300781e+00
7.267291069030761719e+00
1.042386436462402344e+01
9.052835464477539062e+00
1.101811790466308594e+01
1.111143493652343750e+01
8.126213073730468750e+00
8.519728660583496094e+00
-7.025544950894869675e-15
-1.144586410141434658e-15
2.710434913635253906e+00
3.292986392974853516e+00
5.128015518188476562e+00
7.231940269470214844e+00
7.427524089813232422e+00
9.532243728637695312e+00
1.102422237396240234e+01
1.126506996154785156e+01
1.053942394256591797e+01
7.985092163085937500e+00
7.795010089874267578e+00
-7.025544950894869675e-15
-1.406774976931281056e-15
2.491564750671386719e+00
3.423985719680786133e+00
4.939723968505859375e+00
6.571302890777587891e+00
6.281302452087402344e+00
8.561534881591796875e+00
9.951936721801757812e+00
8.477609634399414062e+00
9.386671066284179688e+00
7.455971717834472656e+00
7.056050300598144531e+00
-7.025544950894869675e-15
-1.362736251695872286e-15
2.401849269866943359e+00
3.706337690353393555e+00
6.265489101409912109e+00
8.127046585083007812e+00
8.709418296813964844e+00
1.094420337677001953e+01
1.305967712402343750e+01
1.203460693359375000e+01
1.108309173583984375e+01
8.820047378540039062e+00
7.827896595001220703e+00
-7.025544950894869675e-15
-9.039781252652596966e-16
2.581576347351074219e+00
3.893826007843017578e+00
5.960470199584960938e+00
7.465183258056640625e+00
8.117689132690429688e+00
1.161974334716796875e+01
1.323495674133300781e+01
1.211546897888183594e+01
1.138109397888183594e+01
8.733411788940429688e+00
7.971186637878417969e+00
-7.025544950894869675e-15
-7.548040294903118636e-16
2.887739896774291992e+00
3.526122093200683594e+00
5.877843379974365234e+00
7.881242752075195312e+00
8.003647804260253906e+00
1.111308288574218750e+01
1.271688270568847656e+01
1.266801834106445312e+01
1.185533905029296875e+01
8.685999870300292969e+00
8.193647384643554688e+00
-7.025544950894869675e-15
-1.051874630657952028e-15
2.491233348846435547e+00
3.658252954483032227e+00
5.886013507843017578e+00
6.931626319885253906e+00
7.360700130462646484e+00
1.014214229583740234e+01
1.188730621337890625e+01
1.194351387023925781e+01
1.135523319244384766e+01
8.442507743835449219e+00
7.719446659088134766e+00
-7.025544950894869675e-15
-1.287095891868708045e-15
2.154665708541870117e+00
3.061641931533813477e+00
4.962428569793701172e+00
6.998254776000976562e+00
6.169661521911621094e+00
9.131387710571289062e+00
9.263208389282226562e+00
1.095720481872558594e+01
1.080583477020263672e+01
8.201215744018554688e+00
7.473636627197265625e+00
-7.025544950894869675e-15
-7.548363226214259338e-16
2.623275041580200195e+00
3.720771789550781250e+00
5.902697563171386719e+00
7.390136718750000000e+00
7.413443088531494141e+00
1.025940704345703125e+01
1.108704662322998047e+01
1.097190475463867188e+01
1.078346824645996094e+01
8.225723266601562500e+00
7.528329849243164062e+00
-7.025544950894869675e-15
-9.546759058946265551e-16
2.730245828628540039e+00
3.893478870391845703e+00
6.228562355041503906e+00
7.453341960906982422e+00
8.728255271911621094e+00
9.854381561279296875e+00
1.152895545959472656e+01
1.066415023803710938e+01
1.153747177124023438e+01
8.900255203247070312e+00
8.113127708435058594e+00
-7.025544950894869675e-15
-1.002787377298670814e-15
2.782700300216674805e+00
3.221612215042114258e+00
5.357565879821777344e+00
5.700089454650878906e+00
7.022237777709960938e+00
7.885358810424804688e+00
1.082818412780761719e+01
1.071599960327148438e+01
1.046892452239990234e+01
8.579120635986328125e+00
7.626399040222167969e+00
-7.025544950894869675e-15
-9.259252783242106523e-16
2.706333637237548828e+00
3.441400527954101562e+00
6.123666763305664062e+00
8.641143798828125000e+00
8.027727127075195312e+00
1.021616172790527344e+01
9.544782638549804688e+00
1.156839275360107422e+01
1.128801250457763672e+01
8.677414894104003906e+00
8.067314147949218750e+00
-7.025544950894869675e-15
-8.440131159786611482e-16
2.644129753112792969e+00
3.137271165847778320e+00
5.858895778656005859e+00
7.423171997070312500e+00
7.935721397399902344e+00
1.073461341857910156e+01
9.881365776062011719e+00
1.195059585571289062e+01
1.123935890197753906e+01
8.663798332214355469e+00
7.929314136505126953e+00
-7.025544950894869675e-15
-9.529596053852525291e-16
2.359519958496093750e+00
3.654424190521240234e+00
5.583322525024414062e+00
6.017021179199218750e+00
6.874376296997070312e+00
1.049254035949707031e+01
1.216532707214355469e+01
1.060219955444335938e+01
1.051381969451904297e+01
8.610424041748046875e+00
7.398658752441406250e+00
-7.025544950894869675e-15
-9.575066900043504269e-16
2.772360324859619141e+00
3.742048263549804688e+00
4.657819271087646484e+00
6.117341995239257812e+00
5.954587936401367188e+00
9.382604598999023438e+00
1.179918861389160156e+01
1.085062599182128906e+01
1.024443054199218750e+01
8.363838195800781250e+00
7.711649894714355469e+00
-7.025544950894869675e-15
-9.437934383465401179e-16
2.062375783920288086e+00
2.936349868774414062e+00
5.174875259399414062e+00
6.029839038848876953e+00
7.378123283386230469e+00
8.472763061523437500e+00
1.062717247009277344e+01
9.968378067016601562e+00
1.088241291046142578e+01
8.106946945190429688e+00
8.064919471740722656e+00
-7.025544950894869675e-15
-8.043198285813445494e-16
2.646813392639160156e+00
3.534208536148071289e+00
5.569756031036376953e+00
7.507567405700683594e+00
6.803190231323242188e+00
1.001609134674072266e+01
1.115988922119140625e+01
1.106416225433349609e+01
1.095029640197753906e+01
7.850031375885009766e+00
7.569332122802734375e+00
-7.025544950894869675e-15
-9.510677572975600493e-16
2.142920732498168945e+00
3.622520685195922852e+00
5.434689521789550781e+00
6.339370727539062500e+00
7.326315879821777344e+00
1.003183174133300781e+01
1.218798351287841797e+01
1.115125083923339844e+01
1.151269912719726562e+01
8.789453506469726562e+00
8.050789833068847656e+00
-7.025544950894869675e-15
-1.002775201200054034e-15
2.176978349685668945e+00
3.290208339691162109e+00
5.020133495330810547e+00
6.539798736572265625e+00
7.586922645568847656e+00
1.126763820648193359e+01
1.230474090576171875e+01
1.171275329589843750e+01
1.150099849700927734e+01
8.561391830444335938e+00
7.591534137725830078e+00
-7.025544950894869675e-15
-1.071556394099471357e-15
2.451079607009887695e+00
3.297967910766601562e+00
4.998711585998535156e+00
6.108682632446289062e+00
6.150190353393554688e+00
8.895954132080078125e+00
1.101715564727783203e+01
1.147815513610839844e+01
1.088074874877929688e+01
8.030029296875000000e+00
7.302394390106201172e+00
-7.025544950894869675e-15
-1.139534388006654790e-15
2.540949344635009766e+00
3.314491510391235352e+00
4.853469371795654297e+00
6.793490409851074219e+00
6.607697010040283203e+00
1.000089168548583984e+01
1.129155540466308594e+01
1.070766067504882812e+01
1.019591236114501953e+01
7.855006694793701172e+00
7.496587753295898438e+00
-7.025544950894869675e-15
-8.883969542005168418e-16
2.503199815750122070e+00
3.372418403625488281e+00
5.635681629180908203e+00
8.634298324584960938e+00
8.301158905029296875e+00
1.027919101715087891e+01
8.833650588989257812e+00
1.120628643035888672e+01
1.101677417755126953e+01
7.690263748168945312e+00
7.942775726318359375e+00
-7.025544950894869675e-15
-9.405174325439157046e-16
2.798855304718017578e+00
3.441219329833984375e+00
5.918035507202148438e+00
7.424786567687988281e+00
7.326246261596679688e+00
9.302408218383789062e+00
9.710058212280273438e+00
1.189370155334472656e+01
1.114624023437500000e+01
8.773149490356445312e+00
8.005109786987304688e+00
-7.025544950894869675e-15
-1.286460934795622540e-15
2.373828172683715820e+00
2.904945373535156250e+00
5.270892143249511719e+00
7.220506668090820312e+00
7.736030578613281250e+00
1.017690753936767578e+01
1.198366928100585938e+01
1.083489608764648438e+01
1.111308956146240234e+01
7.915285587310791016e+00
7.409887313842773438e+00
-7.025544950894869675e-15
-1.200383752629746031e-15
2.522561073303222656e+00
3.175845623016357422e+00
5.688529014587402344e+00
7.797967910766601562e+00
8.275089263916015625e+00
1.030244827270507812e+01
1.266026020050048828e+01
1.160961151123046875e+01
1.123705291748046875e+01
8.640913009643554688e+00
8.068650245666503906e+00
-7.025544950894869675e-15
-1.225775365168706599e-15
2.929149150848388672e+00
3.582439422607421875e+00
6.014961242675781250e+00
8.437191963195800781e+00
9.046720504760742188e+00
1.174736022949218750e+01
1.351546478271484375e+01
1.233238410949707031e+01
1.137637138366699219e+01
8.754192352294921875e+00
7.577840805053710938e+00
-7.025544950894869675e-15
-1.300800143801453777e-15
2.657413482666015625e+00
3.475404500961303711e+00
5.588288784027099609e+00
8.300065994262695312e+00
8.376782417297363281e+00
1.063116359710693359e+01
1.289235782623291016e+01
1.167119026184082031e+01
1.142062568664550781e+01
8.554161071777343750e+00
7.563604831695556641e+00
-7.025544950894869675e-15
-1.375155131131159617e-15
2.449468374252319336e+00
3.329939842224121094e+00
5.966689109802246094e+00
8.261387825012207031e+00
9.001735687255859375e+00
1.162631225585937500e+01
1.355467605590820312e+01
1.289793395996093750e+01
1.215495395660400391e+01
8.879338264465332031e+00
7.743469238281250000e+00
-7.025544950894869675e-15
-1.179212058234006388e-15
2.744215726852416992e+00
3.605514526367187500e+00
5.970212936401367188e+00
8.375695228576660156e+00
8.866065979003906250e+00
1.163272857666015625e+01
1.352116775512695312e+01
1.244416236877441406e+01
1.189850044250488281e+01
8.807806015014648438e+00
7.923870563507080078e+00
-7.025544950894869675e-15
-1.458974229338774568e-15
2.322248220443725586e+00
2.985462665557861328e+00
5.749367713928222656e+00
7.767404556274414062e+00
8.506830215454101562e+00
1.111780166625976562e+01
1.332317161560058594e+01
1.220884990692138672e+01
1.148992156982421875e+01
8.516259193420410156e+00
7.384804725646972656e+00
-7.025544950894869675e-15
-1.255925820563578640e-15
2.602915763854980469e+00
3.441495895385742188e+00
5.810535907745361328e+00
8.231739044189453125e+00
8.844650268554687500e+00
1.105202674865722656e+01
1.338399887084960938e+01
1.221952056884765625e+01
1.139661407470703125e+01
8.505606651306152344e+00
7.757437705993652344e+00
-7.025544950894869675e-15
-1.170412868219691902e-15
2.560349225997924805e+00
3.338346958160400391e+00
5.894888401031494141e+00
8.209726333618164062e+00
8.672711372375488281e+00
1.128470134735107422e+01
1.363104057312011719e+01
1.232557582855224609e+01
1.176505470275878906e+01
8.565023422241210938e+00
7.533199787139892578e+00
-7.025544950894869675e-15
-1.298773088079555830e-15
2.589756250381469727e+00
3.574947834014892578e+00
5.659898281097412109e+00
7.739686965942382812e+00
8.256336212158203125e+00
1.145607089996337891e+01
1.328195953369140625e+01
1.199255275726318359e+01
1.145192146301269531e+01
8.467722892761230469e+00
7.466607093811035156e+00
-7.025544950894869675e-15
-1.230401435610135961e-15
2.632741928100585938e+00
3.297261953353881836e+00
5.968688011169433594e+00
7.955328941345214844e+00
8.015041351318359375e+00
1.112427711486816406e+01
1.346907234191894531e+01
1.116302680969238281e+01
1.146361064910888672e+01
8.435237884521484375e+00
7.831763744354248047e+00
-7.025544950894869675e-15
-1.352600867207264142e-15
2.489913463592529297e+00
2.740115404129028320e+00
5.194033145904541016e+00
7.257135391235351562e+00
6.858900547027587891e+00
1.006438159942626953e+01
1.010579299926757812e+01
1.180779933929443359e+01
1.129630184173583984e+01
8.460269927978515625e+00
8.181458473205566406e+00
-7.025544950894869675e-15
-1.416116585669193514e-15
2.532427549362182617e+00
2.867063999176025391e+00
5.102770805358886719e+00
7.432394981384277344e+00
7.003292560577392578e+00
1.065525627136230469e+01
1.190115356445312500e+01
1.127726173400878906e+01
1.101749420166015625e+01
8.061766624450683594e+00
7.917669296264648438e+00
-7.025544950894869675e-15
-1.183337638082726864e-15
1.914535284042358398e+00
2.148906707763671875e+00
4.135855674743652344e+00
4.693850040435791016e+00
4.580980300903320312e+00
6.046792984008789062e+00
8.310912132263183594e+00
8.937488555908203125e+00
9.457555770874023438e+00
6.598315238952636719e+00
7.461143493652343750e+00
-7.025544950894869675e-15
-1.294631732242192742e-15
2.438502788543701172e+00
3.269169569015502930e+00
5.084899425506591797e+00
6.997120857238769531e+00
7.301964759826660156e+00
9.585937500000000000e+00
1.234087562561035156e+01
1.139282321929931641e+01
1.098664093017578125e+01
7.941697597503662109e+00
8.123957633972167969e+00
-7.025544950894869675e-15
-9.683614172234142857e-16
2.710583448410034180e+00
3.691107273101806641e+00
5.709731101989746094e+00
7.478334426879882812e+00
8.237444877624511719e+00
1.047035598754882812e+01
1.222982597351074219e+01
1.215284538269042969e+01
1.132374382019042969e+01
8.103690147399902344e+00
8.055151939392089844e+00
-7.025544950894869675e-15
-7.255189770697377007e-16
2.364718675613403320e+00
3.832251071929931641e+00
5.328497409820556641e+00
7.190233707427978516e+00
7.399940490722656250e+00
8.646947860717773438e+00
8.120282173156738281e+00
1.100900650024414062e+01
1.076088142395019531e+01
8.479077339172363281e+00
7.585671424865722656e+00
-7.025544950894869675e-15
-9.824155996424944505e-16
2.007691621780395508e+00
3.223134279251098633e+00
5.210934638977050781e+00
6.680446624755859375e+00
7.489600181579589844e+00
9.275026321411132812e+00
1.133843612670898438e+01
1.015918350219726562e+01
1.045630359649658203e+01
8.555965423583984375e+00
7.362212181091308594e+00
-7.025544950894869675e-15
-1.015519658924442237e-15
2.096856832504272461e+00
2.987967967987060547e+00
4.549098491668701172e+00
5.656123638153076172e+00
7.384262084960937500e+00
8.103954315185546875e+00
9.147191047668457031e+00
1.072011566162109375e+01
1.081063842773437500e+01
7.633551597595214844e+00
7.992854118347167969e+00
-7.025544950894869675e-15
-1.250799894804150835e-15
2.508760213851928711e+00
3.138077735900878906e+00
4.203202247619628906e+00
6.489095687866210938e+00
5.966819763183593750e+00
8.428516387939453125e+00
1.106744194030761719e+01
1.056935787200927734e+01
1.017489910125732422e+01
8.228927612304687500e+00
7.172601699829101562e+00
-7.025544950894869675e-15
-9.603032751588289062e-16
1.726060628890991211e+00
3.319629669189453125e+00
5.315567016601562500e+00
6.521682739257812500e+00
7.250427722930908203e+00
9.430208206176757812e+00
1.086933326721191406e+01
9.742126464843750000e+00
1.037328147888183594e+01
8.323654174804687500e+00
7.428640365600585938e+00
-7.025544950894869675e-15
-1.059650393113746505e-15
2.742997169494628906e+00
3.579486131668090820e+00
5.485838413238525391e+00
6.403733730316162109e+00
6.745568752288818359e+00
8.265680313110351562e+00
1.023395538330078125e+01
9.921303749084472656e+00
1.033290863037109375e+01
8.353141784667968750e+00
7.641768455505371094e+00
-7.025544950894869675e-15
-7.225827902976398719e-16
2.766788721084594727e+00
3.295153617858886719e+00
5.345419883728027344e+00
6.324917316436767578e+00
6.502296447753906250e+00
9.636934280395507812e+00
1.193557929992675781e+01
1.058346748352050781e+01
1.129091358184814453e+01
8.641239166259765625e+00
7.688871383666992188e+00
-7.025544950894869675e-15
-8.642631326486697064e-16
2.578724622726440430e+00
3.292503595352172852e+00
4.983895301818847656e+00
6.598124504089355469e+00
6.161331176757812500e+00
9.114284515380859375e+00
8.801589012145996094e+00
1.032472229003906250e+01
1.034826278686523438e+01
8.151263236999511719e+00
7.710137367248535156e+00
-7.025544950894869675e-15
-1.542751717052855652e-15
2.256592750549316406e+00
3.047609329223632812e+00
5.876140117645263672e+00
7.764698505401611328e+00
6.983153820037841797e+00
1.024981117248535156e+01
9.105571746826171875e+00
1.145500755310058594e+01
1.083193778991699219e+01
8.526260375976562500e+00
7.387687683105468750e+00
-7.025544950894869675e-15
-9.180398251017467433e-16
2.715741634368896484e+00
3.005694866180419922e+00
5.830357551574707031e+00
8.022696495056152344e+00
7.626634597778320312e+00
1.019289398193359375e+01
8.483668327331542969e+00
1.114311218261718750e+01
1.107128715515136719e+01
8.543282508850097656e+00
7.979001998901367188e+00
-7.025544950894869675e-15
-6.490827239095096381e-16
2.438640832901000977e+00
3.622889041900634766e+00
5.312329769134521484e+00
7.422395706176757812e+00
8.907135963439941406e+00
1.230630302429199219e+01
9.784492492675781250e+00
9.158580780029296875e+00
1.005173969268798828e+01
7.761823654174804688e+00
7.917725563049316406e+00
-7.025544950894869675e-15
-9.143484555176125024e-16
2.367968082427978516e+00
2.652505874633789062e+00
4.499560832977294922e+00
5.543614387512207031e+00
5.097418308258056641e+00
7.753659248352050781e+00
9.889197349548339844e+00
1.013826370239257812e+01
9.857499122619628906e+00
7.292036056518554688e+00
7.394756793975830078e+00
-7.025544950894869675e-15
